0.0	0.922628	0.877597	0.920334	1.422876	1.46691
0.001111	0.916978	0.880656	0.903218	1.427287	1.474081
0.001667	0.910621	0.866045	0.891357	1.431515	1.476467
0.032778	0.917524	0.87203	0.919818	1.422797	1.437444
0.033333	0.92257	0.877539	0.920735	1.423737	1.467311
0.034444	0.916805	0.880483	0.903962	1.426654	1.473908
0.035	0.910794	0.866218	0.889696	1.431689	1.475722
0.066111	0.917698	0.871745	0.919074	1.42343	1.435322
0.066667	0.92257	0.878457	0.919359	1.423737	1.467771
0.067778	0.916689	0.879909	0.902471	1.426539	1.472415
0.068333	0.910335	0.865759	0.891072	1.432148	1.476181
0.099444	0.917239	0.871745	0.919074	1.42343	1.434403
0.1	0.923372	0.877424	0.919244	1.423162	1.467655
0.101111	0.916862	0.880082	0.902185	1.426253	1.472588
0.101667	0.910563	0.865528	0.889923	1.431458	1.47595
0.132778	0.917066	0.871571	0.919359	1.422797	1.436526
0.133333	0.923487	0.877998	0.918901	1.423278	1.467311
0.134444	0.916747	0.879966	0.903446	1.426137	1.472013
0.135	0.910563	0.865528	0.891299	1.431458	1.476409
0.166111	0.917698	0.871286	0.919532	1.42343	1.439455
0.166667	0.922971	0.87794	0.920678	1.42322	1.467254
0.167778	0.916805	0.879566	0.903503	1.425736	1.472071
0.168333	0.910736	0.86616	0.891014	1.431172	1.475664
0.199444	0.91764	0.871687	0.919016	1.422913	1.439397
0.2	0.923086	0.877597	0.920334	1.422876	1.467828
0.201111	0.916404	0.879623	0.901268	1.425794	1.47121
0.201667	0.910509	0.866391	0.891704	1.431862	1.476354
0.232778	0.917297	0.872261	0.918673	1.423488	1.437676
0.233333	0.92257	0.877998	0.920277	1.422818	1.467771
0.234444	0.916288	0.879049	0.902528	1.426137	1.471095
0.235	0.910967	0.866391	0.889869	1.431862	1.476813
0.266111	0.917239	0.871745	0.919074	1.42343	1.437158
0.266667	0.922454	0.877424	0.919702	1.422703	1.467655
0.267778	0.915887	0.879107	0.905338	1.425736	1.472071
0.268333	0.911025	0.866449	0.891303	1.43192	1.476412
0.299444	0.917297	0.871803	0.920049	1.423028	1.433542
0.3	0.922628	0.877597	0.919876	1.422876	1.467369
0.301111	0.915598	0.878818	0.902297	1.424988	1.471323
0.301667	0.911253	0.866677	0.889696	1.432607	1.477099
0.332778	0.917698	0.871745	0.919991	1.42343	1.4243
0.333333	0.922686	0.878114	0.919016	1.423393	1.467427
0.334444	0.915714	0.878475	0.901495	1.425103	1.471898
0.335	0.910451	0.866792	0.891646	1.432264	1.478592
0.366111	0.917524	0.871571	0.917524	1.423716	1.424127
0.366667	0.922454	0.877424	0.921078	1.423162	1.466737
0.367778	0.915887	0.879107	0.901669	1.425736	1.472071
0.368333	0.91091	0.866334	0.89027	1.432723	1.478133
0.399444	0.917239	0.872204	0.919074	1.42343	1.43027
0.4	0.922975	0.878403	0.919305	1.423682	1.467716
0.401111	0.915772	0.878991	0.903846	1.42562	1.471037
0.401667	0.910736	0.86616	0.891014	1.43255	1.478419
0.432778	0.917297	0.872261	0.91959	1.423488	1.436757
0.433333	0.922686	0.878572	0.920392	1.423853	1.467427
0.434444	0.915772	0.878991	0.904305	1.425161	1.471496
0.435	0.91091	0.866792	0.890728	1.432723	1.477674
0.466111	0.917524	0.871571	0.919818	1.423257	1.4402
0.466667	0.92326	0.87777	0.920508	1.423968	1.467543
0.467778	0.916462	0.879222	0.900867	1.425392	1.472187
0.468333	0.911368	0.867251	0.891187	1.432723	1.478133
0.499444	0.917239	0.872204	0.919074	1.42343	1.444047
0.5	0.922859	0.878746	0.920566	1.423107	1.467141
0.501111	0.916346	0.879566	0.901669	1.425736	1.47299
0.501667	0.91091	0.866334	0.890728	1.432264	1.478592
0.532778	0.917929	0.872435	0.920222	1.42412	1.447033
0.533333	0.922628	0.877597	0.919417	1.423336	1.467369
0.534444	0.916978	0.879739	0.903677	1.42545	1.473163
0.535	0.911195	0.867078	0.890096	1.43255	1.478419
0.566111	0.917297	0.871803	0.920049	1.423488	1.448697
0.566667	0.922057	0.877485	0.919764	1.423682	1.467257
0.567778	0.916346	0.880024	0.900293	1.425276	1.47253
0.568333	0.910393	0.867193	0.892047	1.432206	1.478075
0.599444	0.917355	0.87186	0.920107	1.424005	1.449673
0.6	0.921884	0.87777	0.918215	1.423968	1.466624
0.601111	0.91623	0.879909	0.902012	1.42562	1.472415
0.601667	0.911083	0.866507	0.89136	1.432437	1.478766
0.632778	0.917698	0.872204	0.92045	1.42343	1.450935
0.633333	0.921768	0.877655	0.920392	1.423393	1.466509
0.634444	0.916404	0.879623	0.901727	1.425334	1.472588
0.635	0.910794	0.866218	0.891072	1.432607	1.478477
0.666111	0.917297	0.871803	0.921425	1.423488	1.454208
0.666667	0.921942	0.877828	0.920566	1.423107	1.466223
0.667778	0.916173	0.879392	0.900119	1.425562	1.471898
0.668333	0.910736	0.86616	0.891014	1.43209	1.478419
0.699444	0.917582	0.872547	0.920793	1.423774	1.454493
0.7	0.921656	0.877543	0.919363	1.423281	1.466855
0.701111	0.91583	0.879508	0.900694	1.425678	1.471554
0.701667	0.910678	0.866102	0.88958	1.431573	1.477902
0.732778	0.917066	0.872489	0.920276	1.423716	1.44617
0.733333	0.921024	0.876911	0.921024	1.423107	1.465764
0.734444	0.916346	0.879566	0.903045	1.425736	1.471612
0.735	0.910393	0.865817	0.889753	1.432206	1.477616
0.766111	0.917698	0.872204	0.920908	1.424349	1.439455
0.766667	0.92114	0.877026	0.919764	1.422764	1.46542
0.767778	0.916404	0.879165	0.902644	1.426253	1.472129
0.768333	0.910566	0.866449	0.889468	1.43192	1.47733
0.799444	0.917297	0.871803	0.920508	1.423947	1.432165
0.8	0.921599	0.877026	0.919305	1.422764	1.46542
0.801111	0.91623	0.878991	0.901553	1.42608	1.471956
0.801667	0.909934	0.865817	0.891588	1.431747	1.477157
0.832778	0.918099	0.871687	0.921309	1.423832	1.427916
0.833333	0.920855	0.876741	0.919479	1.422937	1.463756
0.834444	0.915945	0.879165	0.900351	1.426253	1.473047
0.835	0.910393	0.865817	0.889753	1.431747	1.476698
0.866111	0.917698	0.872204	0.920908	1.424349	1.42476
0.866667	0.920338	0.876224	0.917586	1.422879	1.465076
0.867778	0.91583	0.879049	0.899776	1.426137	1.472472
0.868333	0.910509	0.865933	0.891245	1.431862	1.476813
0.899444	0.917413	0.872836	0.920623	1.424522	1.423096
0.9	0.921545	0.876972	0.920169	1.423168	1.465825
0.901111	0.915887	0.879107	0.901669	1.426654	1.47253
0.901667	0.910335	0.866218	0.888778	1.431689	1.477099
0.932778	0.917239	0.872204	0.919991	1.423889	1.422463
0.933333	0.920685	0.876112	0.921144	1.422767	1.464964
0.934444	0.915945	0.879623	0.898516	1.426712	1.472129
0.935	0.910335	0.866218	0.890613	1.431229	1.477099
0.966111	0.917698	0.872204	0.920908	1.424349	1.422923
0.966667	0.920512	0.876398	0.921429	1.422593	1.46479
0.967778	0.91583	0.879049	0.898859	1.427056	1.472472
0.968333	0.91091	0.866334	0.892104	1.431345	1.476756
