0.	0.	0.
0.1	0.	0.
0.2	0.	0.
0.30000000000000004	0.	0.
0.4	0.	-6.617444900424222e-24
0.5	0.	0.
0.6000000000000001	0.	0.
0.7000000000000001	0.	4.701977403289136e-37
0.8	0.	0.
0.9	0.	0.
1.	0.	0.
0.	0.05	0.
0.1	0.05	0.00021486685237407142
0.2	0.05	0.00041866111328828725
0.30000000000000004	0.05	0.0008154424620141966
0.4	0.05	0.0015882650321007372
0.5	0.05	0.0030935178704711457
0.6000000000000001	0.05	0.006025350134948504
0.7000000000000001	0.05	0.01173577642690966
0.8	0.05	0.022857879281559444
0.9	0.05	0.04453102023181407
1.	0.05	0.0671080810519485
0.	0.1	0.
0.1	0.1	0.00043208988198010194
0.2	0.1	0.0008428534019487896
0.30000000000000004	0.1	0.0016416547866904814
0.4	0.1	0.003197506949370616
0.5	0.1	0.006227893132953426
0.6000000000000001	0.1	0.012130279316165709
0.7000000000000001	0.1	0.023626554226740544
0.8	0.1	0.04601856934975518
0.9	0.1	0.08952523706077796
1.	0.1	0.14268269292947802
0.	0.15000000000000002	0.
0.1	0.15000000000000002	0.0006516352421450047
0.2	0.15000000000000002	0.0012727969668323595
0.30000000000000004	0.15000000000000002	0.0024790810857100473
0.4	0.15000000000000002	0.004828590619322083
0.5	0.15000000000000002	0.009404810318183661
0.6000000000000001	0.15000000000000002	0.018318069237266928
0.7000000000000001	0.15000000000000002	0.035678729158282005
0.8	0.15000000000000002	0.06949175287512091
0.9	0.15000000000000002	0.13513767344739583
1.	0.15000000000000002	0.25129433391280503
0.	0.2	0.
0.1	0.2	0.0008721149078706604
0.2	0.2	0.0017085650886034507
0.30000000000000004	0.2	0.0033278629709362923
0.4	0.2	0.006481792102285594
0.5	0.2	0.012624807125916567
0.6000000000000001	0.2	0.024589766601414164
0.7000000000000001	0.2	0.047894316427628196
0.8	0.2	0.09328355828650407
0.9	0.2	0.18117856188148293
1.	0.2	0.4151258634382158
0.	0.25	0.
0.1	0.25	0.0010927584662049575
0.2	0.25	0.00215021558233211
0.30000000000000004	0.25	0.004188151278499782
0.4	0.25	0.008157405111234571
0.5	0.25	0.01588845562136853
0.6000000000000001	0.25	0.030946485779642468
0.7000000000000001	0.25	0.06027550927909655
0.8	0.25	0.11739496969869648
0.9	0.25	0.22784811409172157
1.	0.25	0.6249518707042901
0.	0.30000000000000004	0.
0.1	0.30000000000000004	0.0013133384142221878
0.2	0.30000000000000004	0.0025978046884048422
0.30000000000000004	0.30000000000000004	0.005060102243174899
0.4	0.30000000000000004	0.009855734448262607
0.5	0.30000000000000004	0.01919634948790263
0.6000000000000001	0.30000000000000004	0.037389383234253296
0.7000000000000001	0.30000000000000004	0.07282451403525995
0.8	0.30000000000000004	0.14183013472911596
0.9	0.30000000000000004	0.27584577489565093
1.	0.30000000000000004	0.8114407658535672
0.	0.35000000000000003	0.
0.1	0.35000000000000003	0.0015338321694347242
0.2	0.35000000000000003	0.0030513627617503648
0.30000000000000004	0.35000000000000003	0.005943873661058795
0.4	0.35000000000000003	0.01157708804652164
0.5	0.35000000000000003	0.02254908849441708
0.6000000000000001	0.35000000000000003	0.04391962656250899
0.7000000000000001	0.35000000000000003	0.0855436036367413
0.8	0.35000000000000003	0.1665936679458355
0.9	0.35000000000000003	0.326073805032831
1.	0.35000000000000003	0.9224927640165511
0.	0.4	0.
0.1	0.4	0.0017543375736953516
0.2	0.4	0.0035108999086877275
0.30000000000000004	0.4	0.0068396248035918605
0.4	0.4	0.013321777979120545
0.5	0.4	0.02594728048093878
0.6000000000000001	0.4	0.050538399984284235
0.7000000000000001	0.4	0.09843501075638031
0.8	0.4	0.19169547150265837
0.9	0.4	0.3793716638561732
1.	0.4	0.9713749753184883
0.	0.45	0.
0.1	0.45	0.0019750064533559583
0.2	0.45	0.003976416781839605
0.30000000000000004	0.45	0.007747516461162461
0.4	0.45	0.015090120635846263
0.5	0.45	0.029391541721479654
0.6000000000000001	0.45	0.05724690185283103
0.7000000000000001	0.45	0.11150105013210454
0.8	0.45	0.21716133919222194
0.9	0.45	0.43545740062879285
1.	0.45	0.9901162767385585
0.	0.5	0.
0.1	0.5	0.0021960115915859247
0.2	0.5	0.004447911423118145
0.30000000000000004	0.5	0.008667710179382615
0.4	0.5	0.016882436638679187
0.5	0.5	0.03288249672606838
0.6000000000000001	0.5	0.06404634817130914
0.7000000000000001	0.5	0.1247441185940628
0.8	0.5	0.24303314237593965
0.9	0.5	0.49295197481449704
1.	0.5	0.996717961428026
0.	0.55	0.
0.1	0.55	0.0024175287635775783
0.2	0.55	0.00492538603362006
0.30000000000000004	0.55	0.009600367964457126
0.4	0.55	0.01869905098642869
0.5	0.55	0.03642077860288388
0.6000000000000001	0.55	0.07093796891567129
0.7000000000000001	0.55	0.13816694071958976
0.8	0.55	0.26936624374627866
0.9	0.55	0.5502982682267409
1.	0.55	0.9988976500578932
0.	0.6000000000000001	0.
0.1	0.6000000000000001	0.0026397285601426467
0.2	0.6000000000000001	0.005408850117526676
0.30000000000000004	0.6000000000000001	0.010545651917663207
0.4	0.6000000000000001	0.020540292983536424
0.5	0.6000000000000001	0.040007028915532976
0.6000000000000001	0.6000000000000001	0.07792301289724353
0.7000000000000001	0.6000000000000001	0.15177281749570554
0.8	0.6000000000000001	0.2962130155892149
0.9	0.6000000000000001	0.6062904042080894
1.	0.6000000000000001	0.9996547272988983
0.	0.65	0.
0.1	0.65	0.002862772770413009
0.2	0.65	0.005898322811060038
0.30000000000000004	0.65	0.01150372418824973
0.4	0.65	0.022406496592509133
0.5	0.65	0.043641898457284035
0.6000000000000001	0.65	0.08500275200818985
0.7000000000000001	0.65	0.16556611150697387
0.8	0.65	0.32359477642132967
0.9	0.65	0.6602410516000453
1.	0.65	0.9999230274514537
0.	0.7000000000000001	0.
0.1	0.7000000000000001	0.0030868144847866963
0.2	0.7000000000000001	0.006393831860812165
0.30000000000000004	0.7000000000000001	0.012474747108299452
0.4	0.7000000000000001	0.024297999759186187
0.5	0.7000000000000001	0.047326046050596336
0.6000000000000001	0.7000000000000001	0.0921784885219047
0.7000000000000001	0.7000000000000001	0.17955213343200857
0.8	0.7000000000000001	0.35150131203129015
0.9	0.7000000000000001	0.7118000902905501
1.	0.7000000000000001	1.0000064968995312
0.	0.75	0.
0.1	0.75	0.0033119972552928152
0.2	0.75	0.006895414193771651
0.30000000000000004	0.75	0.013458883421117758
0.4	0.75	0.026215144756158344
0.5	0.75	0.05106013936806038
0.6000000000000001	0.75	0.0994515700433948
0.7000000000000001	0.75	0.1937371791621143
0.8	0.75	0.3798878202793691
0.9	0.75	0.7608739389091388
1.	0.75	1.000038809599845
0.	0.8	0.
0.1	0.8	0.0035384551166214298
0.2	0.8	0.007403115754431137
0.30000000000000004	0.8	0.014456296607236687
0.4	0.8	0.02815827833650553
0.5	0.8	0.054844855599668195
0.6000000000000001	0.8	0.10682341042194593
0.7000000000000001	0.8	0.20812808418314283
0.8	0.8	0.40868137460933585
0.9	0.8	0.8075237909851142
1.	0.8	1.0000548657150121
0.	0.8500000000000001	0.
0.1	0.8500000000000001	0.0037663137326030506
0.2	0.8500000000000001	0.007916990334980212
0.30000000000000004	0.8500000000000001	0.015467151197528325
0.4	0.8500000000000001	0.030127751491805393
0.5	0.8500000000000001	0.05868088144773377
0.6000000000000001	0.8500000000000001	0.1142955086555116
0.7000000000000001	0.8500000000000001	0.22273145468388544
0.8	0.8500000000000001	0.43779303412620646
0.9	0.8500000000000001	0.8518783418415905
1.	0.8500000000000001	1.0000643495752564
0.	0.9	0.
0.1	0.9	0.003995690315819151
0.2	0.9	0.008437099585839769
0.30000000000000004	0.9	0.01649161362999805
0.4	0.9	0.032123920270665615
0.5	0.9	0.06256891675133316
0.6000000000000001	0.9	0.12186949421511024
0.7000000000000001	0.9	0.23755205765507373
0.8	0.9	0.46713261990009153
0.9	0.9	0.8940760761656458
1.	0.9	1.0000743039767879
0.	0.9500000000000001	0.
0.1	0.9500000000000001	0.004226694591970557
0.2	0.9500000000000001	0.008963512155883492
0.30000000000000004	0.9500000000000001	0.017529851560637383
0.4	0.9500000000000001	0.034147144774929694
0.5	0.9500000000000001	0.0665096711291675
0.6000000000000001	0.9500000000000001	0.12954708452712677
0.7000000000000001	0.9500000000000001	0.2525939561297613
0.8	0.9500000000000001	0.49660008233560043
0.9	0.9500000000000001	0.934297449502318
1.	0.9500000000000001	1.000075536148627
0.	1.	0.
0.1	1.	0.004459431258307975
0.2	1.	0.009496301298845369
0.30000000000000004	1.	0.01858203549009561
0.4	1.	0.03619778981801137
0.5	1.	0.07050387076287742
0.6000000000000001	1.	0.13733013350755777
0.7000000000000001	1.	0.2678570608450096
0.8	1.	0.5261183625762091
0.9	1.	0.9726665263569343
1.	1.	1.0000833271284617