0.0	0.13036	0.278703	0.672034	0.603205	0.671718
0.002222	0.130303	0.278645	0.671507	0.608247	0.672122
0.004444	0.130418	0.278292	0.670214	0.602799	0.67316
0.006667	0.13036	0.278235	0.668748	0.599032	0.673564
0.008889	0.129609	0.277882	0.667925	0.609811	0.672295
0.011111	0.129609	0.277882	0.666987	0.615838	0.672295
0.013333	0.129667	0.27794	0.667044	0.598279	0.671891
0.015556	0.130534	0.277472	0.665167	0.597351	0.670507
0.017778	0.130476	0.277882	0.665109	0.594512	0.670449
0.02	0.129436	0.276773	0.662589	0.589702	0.670737
0.022222	0.130303	0.277241	0.66212	0.596657	0.671199
0.024444	0.130534	0.277472	0.660943	0.590397	0.671891
0.026667	0.129667	0.277004	0.660004	0.586225	0.671891
0.028889	0.130881	0.277819	0.659412	0.593526	0.671777
0.031111	0.131516	0.276184	0.658712	0.59654	0.670622
0.033333	0.129667	0.276536	0.656718	0.588543	0.670507
0.035556	0.130592	0.277062	0.656307	0.597409	0.670564
0.037778	0.130592	0.276594	0.655838	0.588137	0.671026
0.04	0.129898	0.2763	0.654134	0.588774	0.672584
0.042222	0.130765	0.276768	0.652725	0.585992	0.673046
0.044444	0.130938	0.276473	0.65196	0.58153	0.674142
0.046667	0.129956	0.276358	0.651375	0.573069	0.673565
0.048889	0.130534	0.275601	0.649678	0.576489	0.675122
0.051111	0.129898	0.275832	0.647562	0.577184	0.674892
0.053333	0.130014	0.276415	0.647678	0.579154	0.675008
0.055556	0.131979	0.275711	0.64744	0.573358	0.675239
0.057778	0.130823	0.275422	0.646212	0.580023	0.675873
0.06	0.130938	0.275537	0.645389	0.575503	0.675065
0.062222	0.131805	0.275069	0.643981	0.578284	0.674604
0.064444	0.131227	0.27489	0.643801	0.583209	0.675354
0.066667	0.13169	0.274954	0.641988	0.59115	0.676796
0.068889	0.131112	0.275243	0.640869	0.595611	0.677085
0.071111	0.131747	0.274544	0.640168	0.596307	0.677315
0.073333	0.130129	0.274659	0.638876	0.601986	0.678816
0.075556	0.13117	0.274365	0.639049	0.58547	0.677604
0.077778	0.131285	0.27448	0.637287	0.579095	0.678643
0.08	0.132036	0.273897	0.637172	0.576661	0.678528
0.082222	0.13117	0.274365	0.635294	0.565534	0.678989
0.084444	0.131112	0.273839	0.634298	0.568722	0.679855
0.086667	0.132152	0.274012	0.633533	0.557305	0.680951
0.088889	0.131285	0.27448	0.632594	0.56565	0.680951
0.091111	0.131401	0.27366	0.631771	0.55603	0.681528
0.093333	0.131285	0.273077	0.631186	0.551742	0.683259
0.095556	0.132268	0.274128	0.630363	0.554639	0.685682
0.097778	0.132325	0.273718	0.629012	0.558869	0.686663
0.1	0.131285	0.272609	0.62837	0.559623	0.687875
0.102222	0.131227	0.273487	0.626904	0.568837	0.687817
0.104444	0.13221	0.272667	0.627019	0.562926	0.687009
0.106667	0.13221	0.273134	0.625142	0.557826	0.687932
0.108889	0.132036	0.272961	0.62403	0.54699	0.688682
0.111111	0.132094	0.273019	0.623149	0.542411	0.690125
0.113333	0.132152	0.272609	0.621799	0.551742	0.691106
0.115556	0.132268	0.272724	0.621445	0.550003	0.690298
0.117778	0.132557	0.272545	0.621734	0.548437	0.690587
0.12	0.132383	0.272372	0.619683	0.544555	0.691337
0.122222	0.131574	0.27243	0.618802	0.531168	0.692318
0.124444	0.133423	0.272078	0.621734	0.54751	0.69151
0.126667	0.132152	0.271673	0.617105	0.550351	0.689259
0.128889	0.132441	0.271962	0.617394	0.546467	0.689548
0.131111	0.132268	0.271321	0.614874	0.544903	0.689375
0.133333	0.132268	0.271321	0.614404	0.548612	0.689375
0.135556	0.132441	0.271494	0.614108	0.544613	0.690472
0.137778	0.132557	0.27161	0.612347	0.549828	0.692895
0.14	0.132557	0.27161	0.611877	0.556319	0.69428
0.142222	0.132557	0.27161	0.610939	0.555855	0.694741
0.144444	0.13325	0.270968	0.610296	0.541773	0.696876
0.146667	0.132441	0.271026	0.609415	0.535804	0.69878
0.148889	0.132499	0.271084	0.609473	0.533544	0.696991
0.151111	0.132672	0.270789	0.608238	0.549016	0.697626
0.153333	0.132499	0.271084	0.606187	0.539571	0.698838
0.155556	0.132614	0.270732	0.605833	0.542468	0.698953
0.157778	0.133597	0.270847	0.60548	0.546756	0.699992
0.16	0.133712	0.270963	0.604187	0.537599	0.701031
0.162222	0.132903	0.270553	0.603306	0.547857	0.702935
0.164444	0.132903	0.270553	0.602837	0.53673	0.703396
0.166667	0.133597	0.270379	0.601255	0.530066	0.704146
0.168889	0.133539	0.270322	0.59979	0.52769	0.707319
0.171111	0.13273	0.269911	0.600317	0.526821	0.706454
0.173333	0.133019	0.269732	0.59779	0.53221	0.707666
0.175556	0.132903	0.270085	0.598143	0.539975	0.707089
0.177778	0.133655	0.270437	0.597089	0.547741	0.70605
0.18	0.133655	0.269501	0.595681	0.544959	0.705589
0.182222	0.132903	0.269617	0.597205	0.540439	0.70432
0.184444	0.133828	0.269675	0.594446	0.525198	0.702993
0.186667	0.133828	0.269675	0.593977	0.535397	0.703916
0.188889	0.133655	0.269033	0.592865	0.538469	0.703742
0.191111	0.133135	0.26938	0.590865	0.530471	0.704551
0.193333	0.133828	0.269207	0.591161	0.525198	0.704839
0.195556	0.134521	0.269501	0.590049	0.513897	0.704665
0.197778	0.13377	0.268681	0.589695	0.536266	0.705243
0.2	0.134695	0.269207	0.589753	0.549769	0.704839
0.202222	0.133135	0.26938	0.588987	0.548088	0.705012
0.204444	0.134059	0.26897	0.587168	0.541192	0.704147
0.206667	0.133886	0.268797	0.586056	0.544263	0.703974
0.208889	0.13325	0.269028	0.585817	0.550058	0.703743
0.211111	0.134059	0.268502	0.58576	0.541192	0.703685
0.213333	0.134695	0.267803	0.585998	0.531688	0.702993
0.215556	0.134117	0.268092	0.58394	0.526877	0.703743
0.217778	0.133135	0.267976	0.581947	0.525834	0.705012
0.22	0.134001	0.268444	0.581947	0.533252	0.706397
0.222222	0.134001	0.268444	0.581008	0.532789	0.705935
0.224444	0.134001	0.267508	0.5796	0.535107	0.706397
0.226667	0.13429	0.267798	0.57942	0.533078	0.706686
0.228889	0.134232	0.26774	0.576546	0.524211	0.70709
0.231111	0.134117	0.267624	0.577369	0.517141	0.706051
0.233333	0.135099	0.26774	0.577015	0.520039	0.70709
0.235556	0.134175	0.26815	0.576957	0.524617	0.707494
0.237778	0.134175	0.267214	0.57508	0.512563	0.708417
0.24	0.135215	0.267855	0.574784	0.511346	0.707667
0.242222	0.134001	0.267041	0.573029	0.519808	0.708705
0.244444	0.13481	0.266983	0.572502	0.516041	0.710955
0.246667	0.134868	0.266573	0.571621	0.511462	0.711013
0.248889	0.135099	0.267272	0.571383	0.504276	0.710782
0.251111	0.135273	0.267445	0.571087	0.508158	0.71234
0.253333	0.134522	0.267093	0.570264	0.508737	0.712456
0.255556	0.134522	0.267093	0.569325	0.51291	0.713379
0.257778	0.134579	0.266215	0.567975	0.506941	0.715283
0.26	0.135215	0.266452	0.567744	0.507173	0.713667
0.262222	0.134406	0.266977	0.566863	0.511404	0.715571
0.264444	0.134406	0.266509	0.565455	0.502131	0.714648
0.266667	0.13533	0.266567	0.565512	0.50358	0.717014
0.268889	0.135388	0.266625	0.56557	0.505956	0.717072
0.271111	0.135446	0.266683	0.563751	0.507404	0.71713
0.273333	0.134695	0.26633	0.563397	0.500566	0.717245
0.275556	0.134348	0.265984	0.561642	0.507173	0.718745
0.277778	0.135215	0.265984	0.561173	0.506246	0.719668
0.28	0.136255	0.266157	0.560407	0.499465	0.720303
0.282222	0.135504	0.265805	0.560054	0.511171	0.72088
0.284444	0.135677	0.265978	0.559758	0.502999	0.722438
0.286667	0.135504	0.265805	0.558646	0.50329	0.723649
0.288889	0.134753	0.26592	0.558292	0.501087	0.723765
0.291111	0.136313	0.266215	0.556241	0.510186	0.723592
0.293333	0.135677	0.26551	0.556472	0.501145	0.723823
0.295556	0.135562	0.265863	0.555418	0.491294	0.723707
0.297778	0.136371	0.264869	0.556299	0.506535	0.722726
0.3	0.135562	0.264927	0.554479	0.502884	0.722322
0.302222	0.136313	0.264811	0.552955	0.505086	0.72313
0.304444	0.13562	0.265452	0.551721	0.485324	0.723765
0.306667	0.136371	0.265337	0.551605	0.497726	0.724111
0.308889	0.13666	0.265626	0.550955	0.500333	0.725323
0.311111	0.135851	0.264748	0.551483	0.493437	0.727227
0.313333	0.135735	0.2651	0.54902	0.484513	0.728035
0.315556	0.135677	0.264574	0.548493	0.494654	0.727977
0.317778	0.136833	0.264396	0.551129	0.493553	0.728266
0.32	0.136544	0.264574	0.547554	0.494191	0.727054
0.322222	0.136833	0.264863	0.547843	0.493089	0.726881
0.324444	0.135793	0.26469	0.5472	0.485034	0.727631
0.326667	0.13562	0.264049	0.546088	0.493669	0.728381
0.328889	0.136775	0.264806	0.545439	0.499522	0.730516
0.331111	0.136775	0.264338	0.5445	0.493958	0.730054
0.333333	0.136775	0.26387	0.543561	0.503694	0.72867
0.335556	0.137526	0.263754	0.544854	0.490597	0.727631
0.337778	0.136775	0.263402	0.543092	0.489322	0.727747
0.34	0.136024	0.263985	0.540391	0.477848	0.726939
0.342222	0.137064	0.264159	0.540095	0.49332	0.726651
0.344444	0.136833	0.263928	0.539864	0.483817	0.726881
0.346667	0.136949	0.264043	0.53951	0.490423	0.726997
0.348889	0.137758	0.26305	0.538514	0.480629	0.727862
0.351111	0.137758	0.263517	0.538045	0.485265	0.727862
0.353333	0.136949	0.263107	0.537164	0.480223	0.729305
0.355556	0.13666	0.263286	0.536405	0.486425	0.728092
0.357778	0.137642	0.262934	0.535582	0.485613	0.72867
0.36	0.137758	0.263517	0.535698	0.482484	0.730632
0.362222	0.135966	0.262524	0.534232	0.482889	0.731958
0.364444	0.1377	0.262992	0.534232	0.490307	0.731958
0.366667	0.137873	0.262697	0.532528	0.493262	0.73167
0.368889	0.137758	0.262582	0.531943	0.493147	0.731555
0.371111	0.138047	0.262403	0.531762	0.491118	0.730921
0.373333	0.136775	0.262466	0.530419	0.484686	0.730978
0.375556	0.137931	0.262755	0.530708	0.477557	0.731728
0.377778	0.137989	0.262345	0.529827	0.479933	0.733632
0.38	0.138047	0.262871	0.529416	0.479527	0.732767
0.382222	0.137064	0.262755	0.528361	0.465967	0.733574
0.384444	0.137989	0.261877	0.52795	0.476688	0.734555
0.386667	0.137989	0.261877	0.527011	0.480397	0.735017
0.388889	0.137238	0.261993	0.526188	0.487003	0.735132
0.391111	0.138104	0.261993	0.526188	0.486076	0.734209
0.393333	0.137873	0.260826	0.525018	0.493262	0.734901
0.395556	0.137989	0.261877	0.524664	0.486887	0.735017
0.397778	0.137989	0.261877	0.523726	0.473906	0.735017
0.4	0.138278	0.26123	0.523545	0.471413	0.734844
0.402222	0.137989	0.260941	0.522318	0.47947	0.73594
0.404444	0.138104	0.261525	0.521964	0.470776	0.735132
0.406667	0.138336	0.261288	0.521726	0.47518	0.73721
0.408889	0.139087	0.260704	0.520671	0.47321	0.737556
0.411111	0.13822	0.261172	0.520202	0.457911	0.738941
0.413333	0.138047	0.260531	0.51862	0.463764	0.73969
0.415556	0.138971	0.260589	0.519148	0.450841	0.741133
0.417778	0.138336	0.260352	0.518909	0.464981	0.741826
0.42	0.138278	0.260294	0.516974	0.468168	0.742691
0.422222	0.138336	0.260352	0.517032	0.484916	0.742749
0.424444	0.139087	0.260237	0.516447	0.481555	0.742172
0.426667	0.138336	0.260352	0.515155	0.481207	0.742287
0.428889	0.137411	0.260294	0.515097	0.47605	0.741306
0.431111	0.137469	0.260352	0.513746	0.479816	0.741826
0.433333	0.138336	0.259884	0.513746	0.473326	0.741826
0.435556	0.138393	0.259474	0.513335	0.473384	0.742807
0.437778	0.139318	0.26	0.512454	0.468805	0.742403
0.44	0.140185	0.26	0.511985	0.47066	0.742403
0.442222	0.138336	0.259416	0.5114	0.47008	0.74321
0.444444	0.139202	0.259416	0.510461	0.471935	0.742749
0.446667	0.139318	0.26	0.509638	0.458606	0.743326
0.448889	0.139434	0.259648	0.509284	0.471239	0.743903
0.451111	0.138509	0.258654	0.508288	0.474426	0.743384
0.453333	0.138625	0.259705	0.508873	0.462488	0.744423
0.455556	0.138567	0.259648	0.507407	0.461039	0.744826
0.457778	0.140185	0.259064	0.507291	0.462315	0.744249
0.46	0.139491	0.259705	0.506056	0.464342	0.744884
0.462222	0.138567	0.258712	0.505999	0.47263	0.744365
0.464444	0.138567	0.25918	0.50506	0.467066	0.743442
0.466667	0.139376	0.258654	0.504063	0.467472	0.742922
0.468889	0.139607	0.258417	0.503825	0.464922	0.743153
0.471111	0.139376	0.259122	0.503125	0.464227	0.743384
0.473333	0.140474	0.258885	0.502417	0.463994	0.744077
0.475556	0.139549	0.258359	0.50189	0.453737	0.743557
0.477778	0.139607	0.258885	0.501478	0.457967	0.744538
0.48	0.140185	0.258128	0.500251	0.456751	0.743788
0.482222	0.1403	0.257776	0.501774	0.450376	0.743442
0.484444	0.140474	0.258417	0.499601	0.452404	0.743615
0.486667	0.139549	0.257892	0.498604	0.455592	0.744019
0.488889	0.139434	0.258244	0.49802	0.453158	0.743903
0.491111	0.139491	0.257834	0.497608	0.455997	0.743038
0.493333	0.139723	0.257597	0.497839	0.44742	0.743731
0.495556	0.140358	0.256898	0.496669	0.447652	0.743499
0.497778	0.139665	0.257539	0.494496	0.452462	0.745058
0.5	0.140532	0.257071	0.495435	0.451071	0.745058
0.502222	0.140589	0.257129	0.495023	0.447884	0.746962
0.504444	0.140647	0.257655	0.494611	0.450259	0.747943
0.506667	0.140589	0.257129	0.494554	0.452983	0.747423
0.508889	0.140763	0.257302	0.493788	0.461038	0.747597
0.511111	0.140589	0.257129	0.492676	0.461328	0.747423
0.513333	0.140647	0.257187	0.492265	0.456286	0.747943
0.515556	0.139665	0.257071	0.49121	0.456634	0.748289
0.517778	0.139723	0.256661	0.491268	0.457156	0.747885
0.52	0.139838	0.257245	0.489976	0.452635	0.748
0.522222	0.139954	0.255957	0.490091	0.450433	0.749039
0.524444	0.139723	0.256193	0.488452	0.452056	0.749731
0.526667	0.139838	0.255841	0.488098	0.436872	0.75077
0.528889	0.140705	0.256309	0.488568	0.434091	0.752616
0.531111	0.140821	0.256424	0.487275	0.436988	0.753193
0.533333	0.140763	0.255431	0.486748	0.443421	0.753135
0.535556	0.141572	0.255841	0.485751	0.429918	0.753539
0.537778	0.14163	0.255431	0.485809	0.434149	0.753135
0.54	0.140936	0.255136	0.485513	0.445912	0.752386
0.542222	0.140821	0.255489	0.484928	0.455069	0.753193
0.544444	0.140821	0.255021	0.48399	0.442088	0.753193
0.546667	0.140878	0.255546	0.483109	0.439364	0.754174
0.548889	0.140821	0.255021	0.482582	0.440233	0.755501
0.551111	0.140821	0.255489	0.481173	0.435134	0.756424
0.553333	0.141803	0.255136	0.481758	0.433395	0.757001
0.555556	0.140936	0.255136	0.481289	0.43154	0.75654
0.557778	0.140763	0.254963	0.480177	0.431367	0.756828
0.56	0.141687	0.254085	0.479765	0.433743	0.757809
0.562222	0.140878	0.254611	0.480293	0.436582	0.75879
0.564444	0.140994	0.254258	0.479469	0.444116	0.759367
0.566667	0.141861	0.254726	0.478061	0.426962	0.759829
0.568889	0.14163	0.254027	0.477361	0.431367	0.758674
0.571111	0.140994	0.254726	0.477123	0.418153	0.758906
0.573333	0.141052	0.253848	0.476711	0.425165	0.759425
0.575556	0.141167	0.254432	0.476357	0.426208	0.758617
0.577778	0.141225	0.254957	0.475946	0.427657	0.759137
0.58	0.14111	0.253906	0.474891	0.434495	0.757175
0.582222	0.141283	0.253611	0.474126	0.434669	0.758271
0.584444	0.141861	0.25379	0.474306	0.438089	0.757982
0.586667	0.141919	0.254316	0.472956	0.434901	0.758502
0.588889	0.141052	0.253848	0.472956	0.42702	0.759425
0.591111	0.141919	0.25338	0.472018	0.42192	0.76081
0.593333	0.141919	0.25338	0.472018	0.425165	0.761733
0.595556	0.142612	0.253207	0.470905	0.427774	0.761098
0.597778	0.142901	0.253496	0.470256	0.431308	0.760925
0.6	0.142092	0.253086	0.471722	0.420239	0.76006
0.602222	0.142092	0.253554	0.469844	0.427657	0.759137
0.604444	0.142959	0.253086	0.472191	0.423948	0.758214
0.606667	0.141976	0.25297	0.46832	0.424296	0.759483
0.608889	0.14267	0.252797	0.468147	0.421804	0.760232
0.611111	0.142901	0.253028	0.46744	0.422499	0.760925
0.613333	0.141976	0.252034	0.466912	0.40946	0.762252
0.615556	0.142208	0.252733	0.466674	0.420355	0.763406
0.617778	0.142208	0.252733	0.465735	0.422209	0.765714
0.62	0.142959	0.252618	0.46515	0.422093	0.766983
0.622222	0.142959	0.252618	0.464681	0.429048	0.768368
0.624444	0.142034	0.25256	0.464623	0.42389	0.768772
0.626667	0.142208	0.252733	0.463389	0.426382	0.769407
0.628889	0.142034	0.252092	0.463215	0.428063	0.769695
0.631111	0.142265	0.252323	0.462508	0.422267	0.769926
0.633333	0.142959	0.252618	0.462804	0.420703	0.769291
0.635556	0.14215	0.252208	0.461923	0.417515	0.769811
0.637778	0.143132	0.251855	0.4611	0.410676	0.769465
0.64	0.142381	0.251971	0.461215	0.410328	0.768657
0.642222	0.142265	0.251388	0.460161	0.415776	0.768542
0.644444	0.143306	0.251093	0.460334	0.42244	0.768715
0.646667	0.143363	0.251619	0.458515	0.422962	0.768773
0.648889	0.14319	0.251445	0.458811	0.419079	0.768138
0.651111	0.143074	0.25133	0.458695	0.419427	0.767561
0.653333	0.143306	0.251093	0.457518	0.413168	0.769176
0.655556	0.14319	0.251445	0.457403	0.415834	0.769522
0.657778	0.143248	0.251035	0.45746	0.414501	0.770503
0.66	0.14319	0.250977	0.456464	0.409343	0.77183
0.662222	0.144288	0.251209	0.456695	0.410502	0.770677
0.664444	0.144115	0.251035	0.455114	0.411719	0.771427
0.666667	0.144115	0.250567	0.454644	0.407083	0.771427
0.668889	0.143248	0.250567	0.454175	0.409401	0.772811
0.671111	0.144346	0.250798	0.454406	0.407778	0.772581
0.673333	0.143306	0.250157	0.452825	0.409923	0.771946
0.675556	0.143363	0.250215	0.453352	0.404417	0.772004
0.677778	0.142381	0.250099	0.451359	0.405692	0.772811
0.68	0.143306	0.250625	0.451417	0.415486	0.773792
0.682222	0.142381	0.249632	0.450889	0.407547	0.775581
0.684444	0.143363	0.249747	0.451005	0.40349	0.776158
0.686667	0.143479	0.249863	0.450182	0.410096	0.776735
0.688889	0.144346	0.249863	0.448774	0.410096	0.777658
0.691111	0.143248	0.249632	0.449012	0.405692	0.777427
0.693333	0.144288	0.249805	0.448716	0.405866	0.778524
0.695556	0.143537	0.248985	0.449301	0.40969	0.777254
0.697778	0.144346	0.249863	0.447835	0.41056	0.777197
0.7	0.143479	0.249395	0.448304	0.410096	0.77535
0.702222	0.143537	0.248985	0.446485	0.410617	0.77587
0.704444	0.143306	0.249221	0.446254	0.408995	0.7761
0.706667	0.143421	0.248869	0.4459	0.392885	0.777139
0.708889	0.143652	0.2491	0.444723	0.402852	0.778293
0.711111	0.143595	0.249042	0.445134	0.410212	0.778697
0.713333	0.144461	0.249042	0.445134	0.401867	0.77962
0.715556	0.143537	0.248985	0.444138	0.404127	0.780947
0.717778	0.144461	0.248107	0.443257	0.401867	0.781928
0.72	0.144577	0.24869	0.443842	0.39271	0.782044
0.722222	0.144346	0.248459	0.442203	0.400824	0.781351
0.724444	0.144519	0.248164	0.441907	0.413051	0.781986
0.726667	0.144635	0.24828	0.442022	0.407603	0.78164
0.728889	0.143537	0.248049	0.440852	0.407372	0.780947
0.731111	0.144635	0.24828	0.441084	0.405749	0.781178
0.733333	0.145386	0.247229	0.440029	0.397288	0.781063
0.735556	0.144519	0.247696	0.43956	0.406097	0.781063
0.737778	0.145559	0.24787	0.443019	0.402098	0.781236
0.74	0.143479	0.247523	0.438917	0.399897	0.780889
0.742222	0.144519	0.247229	0.437213	0.401461	0.781986
0.744444	0.145559	0.24787	0.437856	0.392826	0.784929
0.746667	0.145386	0.247229	0.437213	0.396825	0.784755
0.748889	0.145559	0.246934	0.436917	0.405343	0.784467
0.751111	0.143768	0.247344	0.436859	0.402967	0.786256
0.753333	0.144577	0.247286	0.435394	0.398273	0.787582
0.755556	0.144693	0.246466	0.435509	0.393753	0.790006
0.757778	0.14475	0.24746	0.435567	0.393811	0.789602
0.76	0.144635	0.246876	0.434982	0.396477	0.789948
0.762222	0.145502	0.246408	0.434043	0.389059	0.79041
0.764444	0.145617	0.246524	0.434159	0.38732	0.790987
0.766667	0.14475	0.246992	0.434159	0.39242	0.790987
0.768889	0.143941	0.246582	0.433278	0.404531	0.790122
0.771111	0.144635	0.246408	0.432635	0.400649	0.789948
0.773333	0.145617	0.246056	0.431812	0.402156	0.789602
0.775556	0.144808	0.24705	0.430931	0.398041	0.790583
0.777778	0.144866	0.24664	0.43052	0.398562	0.791102
0.78	0.145617	0.246524	0.430873	0.397983	0.792372
0.782222	0.145675	0.246114	0.430462	0.394332	0.791506
0.784444	0.144982	0.245819	0.429696	0.399142	0.792603
0.786667	0.1466	0.246172	0.43005	0.402271	0.792487
0.788889	0.144924	0.246229	0.427292	0.393984	0.791622
0.791111	0.145791	0.245762	0.428231	0.395375	0.790237
0.793333	0.145733	0.245704	0.428173	0.399026	0.787871
0.795556	0.145502	0.245005	0.427472	0.395086	0.787179
0.797778	0.144808	0.245646	0.42483	0.392478	0.78689
0.8	0.145791	0.245294	0.426823	0.398156	0.787468
0.802222	0.145848	0.245351	0.42688	0.394969	0.78891
0.804444	0.145848	0.245819	0.425942	0.388015	0.78891
0.806667	0.144982	0.245351	0.422656	0.390796	0.78891
0.808889	0.145039	0.245409	0.42553	0.391318	0.789891
0.811111	0.145733	0.244768	0.424418	0.38929	0.789718
0.813333	0.145733	0.244768	0.423949	0.384654	0.790179
0.815556	0.144982	0.244884	0.423595	0.397287	0.788449
0.817778	0.145906	0.245409	0.42553	0.397808	0.787583
0.82	0.146022	0.245057	0.426115	0.390506	0.78816
0.822222	0.145155	0.244589	0.42236	0.394215	0.789084
0.824444	0.146889	0.244589	0.42236	0.397924	0.787699
0.826667	0.145848	0.244416	0.421717	0.387551	0.788449
0.828889	0.146715	0.244416	0.421248	0.387088	0.78891
0.831111	0.145097	0.244063	0.421833	0.389521	0.787641
0.833333	0.145155	0.243653	0.418136	0.390506	0.78816
0.835556	0.145906	0.244006	0.419898	0.3839	0.788506
0.837778	0.146831	0.244063	0.419956	0.389985	0.789487
0.84	0.146022	0.243653	0.419075	0.391433	0.790468
0.842222	0.146889	0.243653	0.418605	0.388652	0.790007
0.844444	0.146022	0.244121	0.420483	0.39097	0.790007
0.846667	0.146889	0.243653	0.418136	0.39097	0.790468
0.848889	0.146137	0.243769	0.417782	0.393404	0.789661
0.851111	0.146773	0.243538	0.417082	0.384364	0.788045
0.853333	0.146022	0.243653	0.41485	0.384943	0.789084
0.855556	0.146889	0.243653	0.416258	0.387261	0.787237
0.857778	0.146946	0.243243	0.416316	0.387782	0.787757
0.86	0.14608	0.243711	0.415847	0.387319	0.788218
0.862222	0.145964	0.243128	0.414793	0.385812	0.788564
0.864444	0.145906	0.24307	0.414266	0.3839	0.78943
0.866667	0.147004	0.243301	0.414497	0.38274	0.791045
0.868889	0.147004	0.242833	0.414497	0.380886	0.791045
0.871111	0.147178	0.243474	0.413731	0.384305	0.792604
0.873333	0.147062	0.243359	0.413146	0.383725	0.791103
0.875556	0.147062	0.242891	0.412677	0.38558	0.791103
0.877778	0.147178	0.243006	0.413262	0.380132	0.789834
0.88	0.14712	0.242481	0.411796	0.382392	0.791161
0.882222	0.14712	0.242481	0.411327	0.382392	0.790238
0.884444	0.147929	0.242423	0.411269	0.389752	0.790642
0.886667	0.146889	0.24225	0.408279	0.385406	0.790468
0.888889	0.146889	0.24225	0.410157	0.386334	0.789545
0.891111	0.146253	0.242013	0.410857	0.364312	0.790238
0.893333	0.147004	0.242365	0.408864	0.373468	0.789661
0.895556	0.147062	0.241487	0.408922	0.376771	0.789718
0.897778	0.146195	0.241487	0.408922	0.379089	0.790642
0.9	0.147293	0.241718	0.408215	0.37793	0.790873
0.902222	0.146311	0.241603	0.40763	0.372714	0.791219
0.904444	0.147987	0.241077	0.407103	0.375902	0.793469
0.906667	0.14712	0.241077	0.407103	0.372193	0.79393
0.908889	0.147062	0.241955	0.406106	0.372599	0.796642
0.911111	0.148044	0.241603	0.404814	0.369469	0.798142
0.913333	0.148044	0.241135	0.408568	0.364369	0.799066
0.915556	0.148044	0.241135	0.406222	0.370396	0.80045
0.917778	0.147062	0.240551	0.404229	0.379089	0.802181
0.92	0.147871	0.240493	0.404171	0.365587	0.803046
0.922222	0.147178	0.240667	0.403405	0.359733	0.803681
0.924444	0.147351	0.24084	0.404048	0.364543	0.803855
0.926667	0.148102	0.240725	0.403463	0.362109	0.802816
0.928889	0.14816	0.24125	0.401174	0.367267	0.803797
0.931111	0.147293	0.240782	0.402582	0.370048	0.803335
0.933333	0.147235	0.240257	0.402055	0.365354	0.803278
0.935556	0.147293	0.240314	0.402582	0.368194	0.803335
0.937778	0.14816	0.240782	0.402113	0.374221	0.802412
0.94	0.148276	0.24043	0.401759	0.378045	0.802989
0.942222	0.148218	0.239904	0.400763	0.376133	0.803855
0.944444	0.148044	0.239731	0.40012	0.372251	0.805528
0.946667	0.148102	0.239789	0.400178	0.37509	0.807432
0.948889	0.148102	0.239789	0.399708	0.370918	0.808355
0.951111	0.149085	0.239904	0.398885	0.37057	0.809394
0.953333	0.148333	0.239552	0.39947	0.366976	0.810432
0.955556	0.147409	0.239494	0.398004	0.367382	0.809913
0.957778	0.148276	0.239494	0.398474	0.371091	0.80899
0.96	0.148218	0.239436	0.397947	0.365934	0.807547
0.962222	0.148044	0.238795	0.397304	0.371324	0.806912
0.964444	0.14816	0.238911	0.399297	0.366803	0.806566
0.966667	0.147293	0.239379	0.396011	0.365876	0.807489
0.968889	0.148449	0.2392	0.39677	0.361992	0.809163
0.971111	0.149431	0.239783	0.395947	0.361644	0.808356
0.973333	0.148276	0.238558	0.395188	0.365991	0.80899
0.975556	0.148276	0.238558	0.394719	0.36321	0.80899
0.977778	0.149142	0.238091	0.394719	0.35811	0.808528
0.98	0.148333	0.239084	0.394307	0.356313	0.809048
0.982222	0.148333	0.238616	0.393369	0.365586	0.808124
0.984444	0.148276	0.238091	0.39425	0.365064	0.805759
0.986667	0.149489	0.238437	0.393658	0.364484	0.804259
0.988889	0.149258	0.238206	0.392018	0.36518	0.803566
0.991111	0.148449	0.238264	0.392076	0.372192	0.804086
