# step, loss_train, loss_test, metrics_test
0.000000000000000000e+00 1.849086402216926217e-04 3.869759142398834229e-01 6.461537837982177734e+00 1.882759481668472290e-01 1.440382620785385370e-04 3.869759142398834229e-01 6.461537837982177734e+00 1.882759481668472290e-01
1.000000000000000000e+03 2.349455899093300104e-04 2.005604765145108104e-04 8.794835885055363178e-04 1.939994050189852715e-03 9.536420839140191674e-05 2.005604765145108104e-04 8.794835885055363178e-04 1.939994050189852715e-03
2.000000000000000000e+03 1.269726926693692803e-04 9.528869122732430696e-05 3.623834927566349506e-04 8.571845828555524349e-04 4.535409243544563651e-05 9.528869122732430696e-05 3.623834927566349506e-04 8.571845828555524349e-04
3.000000000000000000e+03 9.792693890631198883e-05 6.522721378132700920e-05 2.707862295210361481e-04 6.402553408406674862e-04 3.863196252495981753e-05 6.522721378132700920e-05 2.707862295210361481e-04 6.402553408406674862e-04
4.000000000000000000e+03 6.675113399978727102e-05 4.253227598383091390e-05 1.225387240992859006e-04 4.305705660954117775e-04 2.526482057874090970e-05 4.253227598383091390e-05 1.225387240992859006e-04 4.305705660954117775e-04
5.000000000000000000e+03 6.544949428644031286e-05 3.163636574754491448e-05 7.223380816867575049e-05 3.447990748099982738e-04 2.248570854135323316e-05 3.163636574754491448e-05 7.223380816867575049e-05 3.447990748099982738e-04
6.000000000000000000e+03 7.660657865926623344e-05 3.324663557577878237e-04 1.129294862039387226e-03 3.530964022502303123e-04 3.230047150282189250e-05 3.324663557577878237e-04 1.129294862039387226e-03 3.530964022502303123e-04
7.000000000000000000e+03 8.617471758043393493e-05 1.426525559509173036e-04 3.417266067117452621e-03 4.981476813554763794e-04 4.701943544205278158e-05 1.426525559509173036e-04 3.417266067117452621e-03 4.981476813554763794e-04
8.000000000000000000e+03 6.525967182824388146e-05 1.487759254814591259e-05 1.280286414839792997e-05 2.193748223362490535e-04 2.110127388732507825e-05 1.487759254814591259e-05 1.280286414839792997e-05 2.193748223362490535e-04
9.000000000000000000e+03 6.432246300391852856e-05 8.141655125655233860e-04 7.700515445321798325e-03 6.507771322503685951e-04 2.210815000580623746e-05 8.141655125655233860e-04 7.700515445321798325e-03 6.507771322503685951e-04
1.000000000000000000e+04 5.929130202275700867e-05 1.545315899420529604e-05 2.909467184508685023e-05 1.460708444938063622e-04 2.169141589547507465e-05 1.545315899420529604e-05 2.909467184508685023e-05 1.460708444938063622e-04
1.100000000000000000e+04 5.219423110247589648e-05 1.403480564476922154e-04 1.096425228752195835e-03 1.994191698031499982e-04 2.127682273567188531e-05 1.403480564476922154e-04 1.096425228752195835e-03 1.994191698031499982e-04
1.200000000000000000e+04 4.440350312506780028e-05 1.799249366740696132e-05 1.215937300003133714e-04 8.864548726705834270e-05 1.958454231498762965e-05 1.799249366740696132e-05 1.215937300003133714e-04 8.864548726705834270e-05
1.300000000000000000e+04 3.209248825442045927e-05 2.000287713599391282e-05 2.051170449703931808e-04 9.089494415093213320e-05 1.568601146573200822e-05 2.000287713599391282e-05 2.051170449703931808e-04 9.089494415093213320e-05
1.400000000000000000e+04 3.254268085584044456e-05 2.943771505670156330e-05 4.087445850018411875e-04 6.678138743154704571e-05 1.607585727469995618e-05 2.943771505670156330e-05 4.087445850018411875e-04 6.678138743154704571e-05
1.500000000000000000e+04 2.671238144102972001e-05 1.416130726283881813e-05 3.044576078536920249e-05 5.192295066080987453e-05 1.279077514482196420e-05 1.416130726283881813e-05 3.044576078536920249e-05 5.192295066080987453e-05
1.600000000000000000e+04 2.432919427519664168e-05 3.297143621239229105e-06 3.000669948960421607e-06 4.094374526175670326e-05 1.197130677610402927e-05 3.297143621239229105e-06 3.000669948960421607e-06 4.094374526175670326e-05
1.700000000000000000e+04 2.270864206366240978e-05 2.007508301176130772e-04 8.934693178161978722e-04 1.186596346087753773e-04 1.009052994049852714e-05 2.007508301176130772e-04 8.934693178161978722e-04 1.186596346087753773e-04
1.800000000000000000e+04 2.063623469439335167e-05 1.602721931703854352e-05 9.873058879747986794e-04 5.016259819967672229e-05 9.285272426495794207e-06 1.602721931703854352e-05 9.873058879747986794e-04 5.016259819967672229e-05
1.900000000000000000e+04 1.700463144516106695e-05 3.755186844500713050e-05 2.262026973767206073e-04 3.992686470155604184e-05 7.794428711349610239e-06 3.755186844500713050e-05 2.262026973767206073e-04 3.992686470155604184e-05
2.000000000000000000e+04 1.633569263503886759e-05 2.755209061433561146e-05 4.515924229053780437e-05 4.567387441056780517e-05 6.749398380634374917e-06 2.755209061433561146e-05 4.515924229053780437e-05 4.567387441056780517e-05
2.100000000000000000e+04 6.173113069962710142e-05 4.758262730319984257e-05 5.529446061700582504e-03 1.879448827821761370e-04 4.647600871976464987e-05 4.758262730319984257e-05 5.529446061700582504e-03 1.879448827821761370e-04
2.200000000000000000e+04 2.190499617427121848e-05 3.075699396504205652e-06 3.999264663434587419e-06 6.135614967206493020e-05 1.609724859008565545e-05 3.075699396504205652e-06 3.999264663434587419e-06 6.135614967206493020e-05
2.300000000000000000e+04 1.322491698374506086e-05 2.204201564381946810e-06 8.698481224200804718e-07 3.841103170998394489e-05 8.646279638924170285e-06 2.204201564381946810e-06 8.698481224200804718e-07 3.841103170998394489e-05
2.400000000000000000e+04 9.702391253085806966e-06 3.559474407666129991e-06 6.265161937335506082e-05 3.247242784709669650e-05 5.135903847985900939e-06 3.559474407666129991e-06 6.265161937335506082e-05 3.247242784709669650e-05
2.500000000000000000e+04 1.014221470541087911e-05 2.067507466563256457e-06 2.842485846485942602e-04 4.090620132046751678e-05 4.778300535690505058e-06 2.067507466563256457e-06 2.842485846485942602e-04 4.090620132046751678e-05
2.600000000000000000e+04 6.796477009629597887e-06 1.691502438916359097e-05 1.051977887982502580e-04 3.577470852178521454e-05 3.482874944893410429e-06 1.691502438916359097e-05 1.051977887982502580e-04 3.577470852178521454e-05
2.700000000000000000e+04 8.505350706400349736e-06 1.987922405533026904e-05 2.547755721025168896e-04 4.319725121604278684e-05 5.831052931171143427e-06 1.987922405533026904e-05 2.547755721025168896e-04 4.319725121604278684e-05
2.800000000000000000e+04 7.196397746156435460e-06 9.235503966920077801e-05 4.438353702425956726e-03 1.638312241993844509e-04 2.634518978084088303e-06 9.235503966920077801e-05 4.438353702425956726e-03 1.638312241993844509e-04
2.900000000000000000e+04 5.665112894348567352e-06 1.084272935258923098e-05 3.686601121444255114e-04 3.305394420749507844e-05 2.604657538540777750e-06 1.084272935258923098e-05 3.686601121444255114e-04 3.305394420749507844e-05
3.000000000000000000e+04 1.465880632167682052e-05 5.936840352660510689e-06 2.326798949070507661e-06 5.987379699945449829e-05 7.415254458464914933e-06 5.936840352660510689e-06 2.326798949070507661e-06 5.987379699945449829e-05
3.100000000000000000e+04 6.501865300378995016e-06 1.219074079017445911e-06 2.083885647152783349e-06 2.492100247764028609e-05 3.190830739185912535e-06 1.219074079017445911e-06 2.083885647152783349e-06 2.492100247764028609e-05
3.200000000000000000e+04 5.265705112833529711e-06 1.414002440469630528e-06 2.277705561937182210e-07 1.647952558414544910e-05 2.520339876355137676e-06 1.414002440469630528e-06 2.277705561937182210e-07 1.647952558414544910e-05
3.300000000000000000e+04 5.389702437241794541e-06 5.094150310469558463e-06 1.351993269054219127e-04 1.918704037962015718e-05 2.810977548506343737e-06 5.094150310469558463e-06 1.351993269054219127e-04 1.918704037962015718e-05
3.400000000000000000e+04 5.153122856427216902e-06 2.265704324599937536e-06 1.160539322881959379e-04 1.903113843582104892e-05 2.476414010743610561e-06 2.265704324599937536e-06 1.160539322881959379e-04 1.903113843582104892e-05
3.500000000000000000e+04 4.841172540182014927e-06 7.523371459683403373e-05 5.839486766490153968e-05 5.853036782355047762e-05 1.927664015966001898e-06 7.523371459683403373e-05 5.839486766490153968e-05 5.853036782355047762e-05
3.600000000000000000e+04 4.798353074875194579e-06 1.468265509174671024e-05 4.150221066083759069e-04 1.298126790061360225e-05 1.905714611893927213e-06 1.468265509174671024e-05 4.150221066083759069e-04 1.298126790061360225e-05
3.700000000000000000e+04 4.835580057260813192e-06 7.038444778117991518e-07 1.563432160764932632e-04 1.086017255147453398e-05 1.994697868212824687e-06 7.038444778117991518e-07 1.563432160764932632e-04 1.086017255147453398e-05
3.800000000000000000e+04 5.213844815443735570e-06 5.386570410337299109e-05 2.198681031586602330e-04 3.890603693434968591e-05 2.033968030445976183e-06 5.386570410337299109e-05 2.198681031586602330e-04 3.890603693434968591e-05
3.900000000000000000e+04 5.453614448924781755e-06 8.882627298589795828e-06 2.039323226199485362e-05 1.112996960728196427e-05 2.287774805154185742e-06 8.882627298589795828e-06 2.039323226199485362e-05 1.112996960728196427e-05
4.000000000000000000e+04 4.766061010741395876e-06 6.203219413691840600e-07 5.265544587018666789e-07 6.483329798356862739e-06 1.766437208061688580e-06 6.203219413691840600e-07 5.265544587018666789e-07 6.483329798356862739e-06
4.100000000000000000e+04 4.712524059868883342e-06 7.895503699728578795e-07 1.612297069186752196e-06 5.884875008632661775e-06 1.775339342202642001e-06 7.895503699728578795e-07 1.612297069186752196e-06 5.884875008632661775e-06
4.200000000000000000e+04 4.817774879484204575e-06 3.339473266805725871e-07 1.246783938313456019e-07 5.440000677481293678e-06 1.689071609689563047e-06 3.339473266805725871e-07 1.246783938313456019e-07 5.440000677481293678e-06
4.300000000000000000e+04 4.860018179897451773e-06 1.528494249214418232e-05 1.209505935548804700e-04 1.465896184527082369e-05 1.857594497778336518e-06 1.528494249214418232e-05 1.209505935548804700e-04 1.465896184527082369e-05
4.400000000000000000e+04 5.158682597539154813e-06 3.711546378326602280e-05 3.516307624522596598e-04 4.172158514847978950e-05 2.032767270065960474e-06 3.711546378326602280e-05 3.516307624522596598e-04 4.172158514847978950e-05
4.500000000000000000e+04 6.883868991280905902e-06 6.609589945583138615e-06 1.078661880455911160e-03 1.710507240204606205e-05 4.580137101584114134e-06 6.609589945583138615e-06 1.078661880455911160e-03 1.710507240204606205e-05
4.600000000000000000e+04 4.349963546701474115e-06 1.473909065907719196e-07 3.487345523467411113e-08 3.330306526549975388e-06 1.627761662348348182e-06 1.473909065907719196e-07 3.487345523467411113e-08 3.330306526549975388e-06
4.700000000000000000e+04 4.835297204408561811e-06 4.477202019188553095e-04 1.620161056052893400e-04 2.584859612397849560e-04 1.983013589779147878e-06 4.477202019188553095e-04 1.620161056052893400e-04 2.584859612397849560e-04
4.800000000000000000e+04 7.741919398540630937e-05 1.688703378022182733e-05 2.558251071604900062e-05 3.448825736995786428e-04 5.311955101205967367e-05 1.688703378022182733e-05 2.558251071604900062e-05 3.448825736995786428e-04
4.900000000000000000e+04 3.725335773197002709e-05 3.086883953073993325e-05 3.423890564590692520e-03 3.198426566086709499e-04 2.286825838382355869e-05 3.086883953073993325e-05 3.423890564590692520e-03 3.198426566086709499e-04
5.000000000000000000e+04 1.651645834499504417e-05 4.032560809719143435e-06 1.326684355262841564e-06 6.151486013550311327e-05 9.266100278182420880e-06 4.032560809719143435e-06 1.326684355262841564e-06 6.151486013550311327e-05
