# step, loss_train, loss_test, metrics_test
0.000000000000000000e+00 1.485204137861728668e-02 1.378171592950820923e-01 7.947756500000000000e+06 4.733376204967498779e-02 1.486350875347852707e-02 1.378171592950820923e-01 7.947756500000000000e+06 4.733376204967498779e-02
1.000000000000000000e+03 1.464765082346275449e-04 2.075503021478652954e-01 5.971441650390625000e+02 9.394049644470214844e-02 1.257190015166997910e-04 2.075503021478652954e-01 5.971441650390625000e+02 9.394049644470214844e-02
2.000000000000000000e+03 1.111807287088595331e-04 2.074163705110549927e-01 3.027543640136718750e+02 9.465956687927246094e-02 9.476018749410286546e-05 2.074163705110549927e-01 3.027543640136718750e+02 9.465956687927246094e-02
3.000000000000000000e+03 1.132058896473608911e-04 2.066921889781951904e-01 2.430524749755859375e+02 9.417609870433807373e-02 9.476110426476225257e-05 2.066921889781951904e-01 2.430524749755859375e+02 9.417609870433807373e-02
4.000000000000000000e+03 1.019056871882639825e-04 2.059190422296524048e-01 1.811932067871093750e+02 9.499499946832656860e-02 8.165923645719885826e-05 2.059190422296524048e-01 1.811932067871093750e+02 9.499499946832656860e-02
5.000000000000000000e+03 8.082418207777664065e-05 2.053653448820114136e-01 1.270723419189453125e+02 9.669736772775650024e-02 6.081203900976106524e-05 2.053653448820114136e-01 1.270723419189453125e+02 9.669736772775650024e-02
6.000000000000000000e+03 6.134893919806927443e-05 2.046792209148406982e-01 9.215274810791015625e+01 9.891945123672485352e-02 4.198561873636208475e-05 2.046792209148406982e-01 9.215274810791015625e+01 9.891945123672485352e-02
7.000000000000000000e+03 6.408533954527229071e-05 2.006559669971466064e-01 1.904162109375000000e+04 9.585414826869964600e-02 4.166156941209919751e-05 2.006559669971466064e-01 1.904162109375000000e+04 9.585414826869964600e-02
8.000000000000000000e+03 1.952800230355933309e-04 2.011353224515914917e-01 1.090723724365234375e+02 1.027274429798126221e-01 1.511877053417265415e-04 2.011353224515914917e-01 1.090723724365234375e+02 1.027274429798126221e-01
9.000000000000000000e+03 8.453579357592388988e-05 2.033656239509582520e-01 1.240176544189453125e+02 1.053129136562347412e-01 6.640249921474605799e-05 2.033656239509582520e-01 1.240176544189453125e+02 1.053129136562347412e-01
1.000000000000000000e+04 7.668799662496894598e-05 2.039766609668731689e-01 4.898258209228515625e+01 1.066885441541671753e-01 5.361595322028733790e-05 2.039766609668731689e-01 4.898258209228515625e+01 1.066885441541671753e-01
1.100000000000000000e+04 1.147681614384055138e-04 2.019299566745758057e-01 6.834040069580078125e+01 1.075582057237625122e-01 7.432726852130144835e-05 2.019299566745758057e-01 6.834040069580078125e+01 1.075582057237625122e-01
1.200000000000000000e+04 2.347139234188944101e-04 1.988588273525238037e-01 8.653941650390625000e+02 1.077303290367126465e-01 1.609846949577331543e-04 1.988588273525238037e-01 8.653941650390625000e+02 1.077303290367126465e-01
1.300000000000000000e+04 1.786537468433380127e-04 2.001679092645645142e-01 4.716296081542968750e+02 1.109597459435462952e-01 1.152710465248674154e-04 2.001679092645645142e-01 4.716296081542968750e+02 1.109597459435462952e-01
1.400000000000000000e+04 2.779552887659519911e-04 1.998406648635864258e-01 2.187818717956542969e+01 1.121253222227096558e-01 1.951131998794153333e-04 1.998406648635864258e-01 2.187818717956542969e+01 1.121253222227096558e-01
1.500000000000000000e+04 6.991799455136060715e-05 2.104320079088211060e-01 3.254024887084960938e+01 1.133807674050331116e-01 5.550189962377771735e-05 2.104320079088211060e-01 3.254024887084960938e+01 1.133807674050331116e-01
1.600000000000000000e+04 2.669983041414525360e-05 2.123485505580902100e-01 1.044242401123046875e+02 1.146923452615737915e-01 1.715444705041591078e-05 2.123485505580902100e-01 1.044242401123046875e+02 1.146923452615737915e-01
1.700000000000000000e+04 6.286326970439404249e-05 2.092637568712234497e-01 3.261865844726562500e+02 1.145080775022506714e-01 5.206244532018899918e-05 2.092637568712234497e-01 3.261865844726562500e+02 1.145080775022506714e-01
1.800000000000000000e+04 6.453849346144124866e-05 2.110772430896759033e-01 4.833582153320312500e+02 1.178093701601028442e-01 4.524267205852083862e-05 2.110772430896759033e-01 4.833582153320312500e+02 1.178093701601028442e-01
1.900000000000000000e+04 3.477177597233094275e-05 2.154695242643356323e-01 2.061263275146484375e+01 1.186644434928894043e-01 2.768369631667155772e-05 2.154695242643356323e-01 2.061263275146484375e+01 1.186644434928894043e-01
2.000000000000000000e+04 3.492579708108678460e-05 2.152947187423706055e-01 2.748260688781738281e+01 1.197143569588661194e-01 2.703171776374801993e-05 2.152947187423706055e-01 2.748260688781738281e+01 1.197143569588661194e-01
2.100000000000000000e+04 6.322492117760702968e-05 2.129120379686355591e-01 3.087750244140625000e+01 1.201181784272193909e-01 4.968100256519392133e-05 2.129120379686355591e-01 3.087750244140625000e+01 1.201181784272193909e-01
2.200000000000000000e+04 3.960532194469124079e-05 2.160283327102661133e-01 1.706849479675292969e+01 1.211220249533653259e-01 3.052641113754361868e-05 2.160283327102661133e-01 1.706849479675292969e+01 1.211220249533653259e-01
2.300000000000000000e+04 3.243203173042275012e-05 2.167650014162063599e-01 1.454630565643310547e+01 1.215033158659934998e-01 2.494309956091456115e-05 2.167650014162063599e-01 1.454630565643310547e+01 1.215033158659934998e-01
2.400000000000000000e+04 2.717204552027396858e-05 2.180724591016769409e-01 2.383201026916503906e+01 1.233668401837348938e-01 2.072893403237685561e-05 2.180724591016769409e-01 2.383201026916503906e+01 1.233668401837348938e-01
2.500000000000000000e+04 2.739202500379178673e-05 2.191058993339538574e-01 8.195532226562500000e+01 1.255921572446823120e-01 2.065648732241243124e-05 2.191058993339538574e-01 8.195532226562500000e+01 1.255921572446823120e-01
2.600000000000000000e+04 1.840730874391738325e-05 2.218683958053588867e-01 1.169155311584472656e+01 1.270506083965301514e-01 1.384492225042777136e-05 2.218683958053588867e-01 1.169155311584472656e+01 1.270506083965301514e-01
2.700000000000000000e+04 1.886328391265124083e-05 2.223075628280639648e-01 5.030463409423828125e+01 1.280931532382965088e-01 1.416936720488592982e-05 2.223075628280639648e-01 5.030463409423828125e+01 1.280931532382965088e-01
2.800000000000000000e+04 4.247558536008000374e-05 2.149149179458618164e-01 5.747725677490234375e+01 1.263190060853958130e-01 3.248356733820401132e-05 2.149149179458618164e-01 5.747725677490234375e+01 1.263190060853958130e-01
2.900000000000000000e+04 3.034337714780122042e-05 2.202792912721633911e-01 2.299935531616210938e+01 1.286196559667587280e-01 2.235324973298702389e-05 2.202792912721633911e-01 2.299935531616210938e+01 1.286196559667587280e-01
3.000000000000000000e+04 2.403961116215214133e-05 2.220177203416824341e-01 1.833682632446289062e+01 1.295658349990844727e-01 1.755406447045970708e-05 2.220177203416824341e-01 1.833682632446289062e+01 1.295658349990844727e-01
3.100000000000000000e+04 1.828123822633642703e-05 2.249628752470016479e-01 1.499674606323242188e+01 1.317576467990875244e-01 1.340819835604634136e-05 2.249628752470016479e-01 1.499674606323242188e+01 1.317576467990875244e-01
3.200000000000000000e+04 1.503339717601193115e-05 2.273018956184387207e-01 1.113040161132812500e+01 1.334896832704544067e-01 1.097407584893517196e-05 2.273018956184387207e-01 1.113040161132812500e+01 1.334896832704544067e-01
3.300000000000000000e+04 1.303406497754622251e-05 2.294960021972656250e-01 5.410935592651367188e+01 1.355154216289520264e-01 9.508404218649957329e-06 2.294960021972656250e-01 5.410935592651367188e+01 1.355154216289520264e-01
3.400000000000000000e+04 1.262487057829275727e-05 2.306625247001647949e-01 1.036715126037597656e+01 1.365626454353332520e-01 9.135746040556114167e-06 2.306625247001647949e-01 1.036715126037597656e+01 1.365626454353332520e-01
3.500000000000000000e+04 1.209434685733867809e-05 2.320257127285003662e-01 5.190450286865234375e+01 1.377775073051452637e-01 8.672581316204741597e-06 2.320257127285003662e-01 5.190450286865234375e+01 1.377775073051452637e-01
3.600000000000000000e+04 1.104438251786632463e-05 2.332605421543121338e-01 2.836108207702636719e+01 1.388020366430282593e-01 7.863870450819376856e-06 2.332605421543121338e-01 2.836108207702636719e+01 1.388020366430282593e-01
3.700000000000000000e+04 1.333246473222970963e-05 2.330276668071746826e-01 1.097747116088867188e+02 1.398301720619201660e-01 9.688649697636719793e-06 2.330276668071746826e-01 1.097747116088867188e+02 1.398301720619201660e-01
3.800000000000000000e+04 1.671374593570362777e-05 2.399143725633621216e-01 1.375092983245849609e+01 1.467471271753311157e-01 1.192228592117317021e-05 2.399143725633621216e-01 1.375092983245849609e+01 1.467471271753311157e-01
3.900000000000000000e+04 1.404337399435462430e-05 2.410293370485305786e-01 1.141128730773925781e+01 1.471850275993347168e-01 9.809637958824168891e-06 2.410293370485305786e-01 1.141128730773925781e+01 1.471850275993347168e-01
4.000000000000000000e+04 1.264457932848017663e-05 2.418253719806671143e-01 9.879434585571289062e+00 1.475446671247482300e-01 8.662953405291773379e-06 2.418253719806671143e-01 9.879434585571289062e+00 1.475446671247482300e-01
4.100000000000000000e+04 1.300783878832589835e-05 2.428309619426727295e-01 2.493963432312011719e+01 1.483057141304016113e-01 8.857484317559283227e-06 2.428309619426727295e-01 2.493963432312011719e+01 1.483057141304016113e-01
4.200000000000000000e+04 1.077476554200984538e-05 2.454924136400222778e-01 7.585816383361816406e+00 1.500404030084609985e-01 7.324859780055703595e-06 2.454924136400222778e-01 7.585816383361816406e+00 1.500404030084609985e-01
4.300000000000000000e+04 1.020948548102751374e-05 2.470257580280303955e-01 7.202572345733642578e+00 1.512271761894226074e-01 6.972814844630192965e-06 2.470257580280303955e-01 7.202572345733642578e+00 1.512271761894226074e-01
4.400000000000000000e+04 9.792238415684551001e-06 2.480351775884628296e-01 8.832833290100097656e+00 1.520751565694808960e-01 6.710175512125715613e-06 2.480351775884628296e-01 8.832833290100097656e+00 1.520751565694808960e-01
4.500000000000000000e+04 9.696193956187926233e-06 2.501398324966430664e-01 8.709789276123046875e+01 1.538646370172500610e-01 6.604377631447277963e-06 2.501398324966430664e-01 8.709789276123046875e+01 1.538646370172500610e-01
4.600000000000000000e+04 1.116624207497807220e-05 2.509924471378326416e-01 9.056486511230468750e+01 1.548472046852111816e-01 7.799328159308061004e-06 2.509924471378326416e-01 9.056486511230468750e+01 1.548472046852111816e-01
4.700000000000000000e+04 2.970544846903067082e-05 2.283251881599426270e-01 4.473958587646484375e+01 1.399163305759429932e-01 2.167639286199118942e-05 2.283251881599426270e-01 4.473958587646484375e+01 1.399163305759429932e-01
4.800000000000000000e+04 2.851555836969055235e-05 2.302781790494918823e-01 3.038221168518066406e+01 1.407219320535659790e-01 2.040985054918564856e-05 2.302781790494918823e-01 3.038221168518066406e+01 1.407219320535659790e-01
4.900000000000000000e+04 2.658712583070155233e-05 2.317778021097183228e-01 2.165292739868164062e+01 1.412911266088485718e-01 1.870037158369086683e-05 2.317778021097183228e-01 2.165292739868164062e+01 1.412911266088485718e-01
5.000000000000000000e+04 2.102454527630470693e-05 2.305937260389328003e-01 3.039659179687500000e+03 1.392132192850112915e-01 1.485012217017356306e-05 2.305937260389328003e-01 3.039659179687500000e+03 1.392132192850112915e-01
