# step, loss_train, loss_test, metrics_test
0.000000000000000000e+00 7.850009016692638397e-03 1.799923628568649292e-01 3.259453430175781250e+02 1.611518263816833496e-01 7.828445173799991608e-03 1.799923628568649292e-01 3.259453430175781250e+02 1.611518263816833496e-01
1.000000000000000000e+03 1.391083205817267299e-04 1.531435102224349976e-01 4.960558377206325531e-03 1.721080839633941650e-01 9.960192983271554112e-05 1.531435102224349976e-01 4.960558377206325531e-03 1.721080839633941650e-01
2.000000000000000000e+03 5.035551148466765881e-04 1.357320696115493774e-01 5.609283689409494400e-03 1.611108332872390747e-01 3.461333981249481440e-04 1.357320696115493774e-01 5.609283689409494400e-03 1.611108332872390747e-01
3.000000000000000000e+03 3.128257812932133675e-03 7.451070845127105713e-02 1.033042836934328079e-02 1.408975273370742798e-01 2.724128775298595428e-03 7.451070845127105713e-02 1.033042836934328079e-02 1.408975273370742798e-01
4.000000000000000000e+03 4.690407775342464447e-03 1.513643842190504074e-02 6.176654249429702759e-03 9.081038832664489746e-02 5.406896583735942841e-03 1.513643842190504074e-02 6.176654249429702759e-03 9.081038832664489746e-02
5.000000000000000000e+03 4.440597258508205414e-03 6.751619279384613037e-03 7.412859238684177399e-03 3.642891347408294678e-02 5.163198802620172501e-03 6.751619279384613037e-03 7.412859238684177399e-03 3.642891347408294678e-02
6.000000000000000000e+03 1.368800876662135124e-03 1.654753694310784340e-03 5.318443290889263153e-04 1.152978930622339249e-02 1.335665117949247360e-03 1.654753694310784340e-03 5.318443290889263153e-04 1.152978930622339249e-02
7.000000000000000000e+03 5.405156989581882954e-04 8.004918927326798439e-04 2.218709269072860479e-04 7.835607975721359253e-03 4.002323839813470840e-04 8.004918927326798439e-04 2.218709269072860479e-04 7.835607975721359253e-03
8.000000000000000000e+03 4.107321437913924456e-04 4.443675279617309570e-04 9.633415902499109507e-05 5.894757341593503952e-03 2.795716864056885242e-04 4.443675279617309570e-04 9.633415902499109507e-05 5.894757341593503952e-03
9.000000000000000000e+03 3.838709671981632710e-04 2.592964738141745329e-04 1.827247324399650097e-04 5.417588166892528534e-03 2.552939695306122303e-04 2.592964738141745329e-04 1.827247324399650097e-04 5.417588166892528534e-03
1.000000000000000000e+04 3.486170317046344280e-04 2.168173959944397211e-04 1.848263927968218923e-04 4.995174240320920944e-03 2.172189269913360476e-04 2.168173959944397211e-04 1.848263927968218923e-04 4.995174240320920944e-03
1.100000000000000000e+04 3.515121061354875565e-04 1.648631587158888578e-04 5.588476778939366341e-04 4.547668155282735825e-03 2.184079348808154464e-04 1.648631587158888578e-04 5.588476778939366341e-04 4.547668155282735825e-03
1.200000000000000000e+04 3.281313402112573385e-04 1.245829771505668759e-04 4.571848257910460234e-04 4.052991513162851334e-03 2.019424864556640387e-04 1.245829771505668759e-04 4.571848257910460234e-04 4.052991513162851334e-03
1.300000000000000000e+04 2.291944110766053200e-04 4.472428117878735065e-04 3.345688059926033020e-02 6.131332367658615112e-03 1.290038344450294971e-04 4.472428117878735065e-04 3.345688059926033020e-02 6.131332367658615112e-03
1.400000000000000000e+04 3.061646420974284410e-04 1.085325638996437192e-04 4.503762465901672840e-04 3.571624169126152992e-03 1.866082166088744998e-04 1.085325638996437192e-04 4.503762465901672840e-04 3.571624169126152992e-03
1.500000000000000000e+04 2.813479222822934389e-04 1.067816483555361629e-04 2.177153655793517828e-04 3.806596621870994568e-03 1.843263016780838370e-04 1.067816483555361629e-04 2.177153655793517828e-04 3.806596621870994568e-03
1.600000000000000000e+04 2.476730442140251398e-04 1.052731677191331983e-04 6.961269536986947060e-04 3.299009520560503006e-03 1.513764291303232312e-04 1.052731677191331983e-04 6.961269536986947060e-04 3.299009520560503006e-03
1.700000000000000000e+04 2.216255525127053261e-04 2.858533407561480999e-04 3.420518944039940834e-03 3.302024910226464272e-03 1.448003895347937942e-04 2.858533407561480999e-04 3.420518944039940834e-03 3.302024910226464272e-03
1.800000000000000000e+04 2.134191454388201237e-04 3.327516897115856409e-04 3.903195261955261230e-02 3.778890008106827736e-03 1.228008477482944727e-04 3.327516897115856409e-04 3.903195261955261230e-02 3.778890008106827736e-03
1.900000000000000000e+04 1.739476429065689445e-04 1.301250740652903914e-04 2.919113030657172203e-03 2.803132170811295509e-03 9.420822607353329659e-05 1.301250740652903914e-04 2.919113030657172203e-03 2.803132170811295509e-03
2.000000000000000000e+04 2.379290235694497824e-04 1.449689851142466068e-03 4.612160846590995789e-03 3.420158522203564644e-03 1.539571094326674938e-04 1.449689851142466068e-03 4.612160846590995789e-03 3.420158522203564644e-03
2.100000000000000000e+04 1.148995215771719813e-04 2.032403135672211647e-04 5.215456243604421616e-03 3.031256608664989471e-03 6.536500586662441492e-05 2.032403135672211647e-04 5.215456243604421616e-03 3.031256608664989471e-03
2.200000000000000000e+04 3.053979016840457916e-03 4.769650101661682129e-02 2.502649724483489990e-01 1.062566861510276794e-01 2.753467531874775887e-03 4.769650101661682129e-02 2.502649724483489990e-01 1.062566861510276794e-01
2.300000000000000000e+04 2.888422459363937378e-04 3.417874977458268404e-04 8.539065311197191477e-05 4.687909502536058426e-03 1.934276515385136008e-04 3.417874977458268404e-04 8.539065311197191477e-05 4.687909502536058426e-03
2.400000000000000000e+04 1.246903266292065382e-04 2.322298532817512751e-04 1.284264453715877607e-05 3.287497209385037422e-03 6.976792064961045980e-05 2.322298532817512751e-04 1.284264453715877607e-05 3.287497209385037422e-03
2.500000000000000000e+04 1.293457462452352047e-04 1.678837434155866504e-04 2.274970938742626458e-05 2.912418916821479797e-03 6.729577580699697137e-05 1.678837434155866504e-04 2.274970938742626458e-05 2.912418916821479797e-03
2.600000000000000000e+04 2.071018679998815060e-04 1.634615327930077910e-04 2.534113809815607965e-05 2.105004386976361275e-03 8.538258407497778535e-05 1.634615327930077910e-04 2.534113809815607965e-05 2.105004386976361275e-03
2.700000000000000000e+04 2.203110634582117200e-04 1.275569811696186662e-04 1.436130878573749214e-05 2.163108438253402710e-03 8.256598084699362516e-05 1.275569811696186662e-04 1.436130878573749214e-05 2.163108438253402710e-03
2.800000000000000000e+04 1.673171063885092735e-04 1.141335160355083644e-04 8.128341141855344176e-05 2.056419849395751953e-03 6.385496089933440089e-05 1.141335160355083644e-04 8.128341141855344176e-05 2.056419849395751953e-03
2.900000000000000000e+04 1.469409326091408730e-04 1.167582304333336651e-04 4.594204947352409363e-04 2.007425529882311821e-03 5.510176924872212112e-05 1.167582304333336651e-04 4.594204947352409363e-04 2.007425529882311821e-03
3.000000000000000000e+04 1.603283599251881242e-04 8.893104677554219961e-05 6.776445661671459675e-04 1.900464878417551517e-03 4.210112456348724663e-05 8.893104677554219961e-05 6.776445661671459675e-04 1.900464878417551517e-03
3.100000000000000000e+04 9.110404644161462784e-04 1.709557836875319481e-03 7.145649869926273823e-04 6.925458088517189026e-03 1.026460435241460800e-03 1.709557836875319481e-03 7.145649869926273823e-04 6.925458088517189026e-03
3.200000000000000000e+04 2.049261383945122361e-04 2.461734984535723925e-04 8.502473792759701610e-05 2.876435406506061554e-03 1.654209918342530727e-04 2.461734984535723925e-04 8.502473792759701610e-05 2.876435406506061554e-03
3.300000000000000000e+04 1.413186837453395128e-04 1.927359553519636393e-04 8.206032216548919678e-04 2.718026284128427505e-03 7.824791828170418739e-05 1.927359553519636393e-04 8.206032216548919678e-04 2.718026284128427505e-03
3.400000000000000000e+04 1.255601091543212533e-04 1.244493469130247831e-04 3.929225262254476547e-03 2.856516046449542046e-03 7.920692587504163384e-05 1.244493469130247831e-04 3.929225262254476547e-03 2.856516046449542046e-03
3.500000000000000000e+04 1.065835458575747907e-04 1.191160190501250327e-04 5.108455661684274673e-05 2.204313175752758980e-03 5.923940625507384539e-05 1.191160190501250327e-04 5.108455661684274673e-05 2.204313175752758980e-03
3.600000000000000000e+04 1.000564952846616507e-04 1.031474093906581402e-04 3.680182562675327063e-04 2.031874842941761017e-03 5.180392327019944787e-05 1.031474093906581402e-04 3.680182562675327063e-04 2.031874842941761017e-03
3.700000000000000000e+04 1.011214189929887652e-04 1.242860889760777354e-04 2.616939855215605348e-05 1.989617012441158295e-03 4.213384454487822950e-05 1.242860889760777354e-04 2.616939855215605348e-05 1.989617012441158295e-03
3.800000000000000000e+04 1.930371508933603764e-04 2.047450834652408957e-04 1.491241157054901123e-03 2.880006330087780952e-03 1.028286933433264494e-04 2.047450834652408957e-04 1.491241157054901123e-03 2.880006330087780952e-03
3.900000000000000000e+04 1.125741473515518010e-04 9.313916234532371163e-05 3.937181609217077494e-04 2.131861401721835136e-03 4.619936589733697474e-05 9.313916234532371163e-05 3.937181609217077494e-04 2.131861401721835136e-03
4.000000000000000000e+04 9.634162415750324726e-05 7.881069177528843284e-05 2.132034423993900418e-04 1.770715578459203243e-03 3.589036714402027428e-05 7.881069177528843284e-05 2.132034423993900418e-04 1.770715578459203243e-03
4.100000000000000000e+04 1.151441974798217416e-04 8.010434248717501760e-05 2.133870730176568031e-04 1.719552092254161835e-03 3.055800334550440311e-05 8.010434248717501760e-05 2.133870730176568031e-04 1.719552092254161835e-03
4.200000000000000000e+04 2.345332759432494640e-04 6.067621288821101189e-04 6.166209653019905090e-02 1.436813035979866982e-03 1.575646310811862350e-04 6.067621288821101189e-04 6.166209653019905090e-02 1.436813035979866982e-03
4.300000000000000000e+04 7.379190356004983187e-05 2.687178202904760838e-04 2.389830769971013069e-03 1.506325206719338894e-03 3.482446481939405203e-05 2.687178202904760838e-04 2.389830769971013069e-03 1.506325206719338894e-03
4.400000000000000000e+04 8.576000254834070802e-05 2.785283140838146210e-04 5.465460708364844322e-04 4.165873862802982330e-03 5.818494901177473366e-05 2.785283140838146210e-04 5.465460708364844322e-04 4.165873862802982330e-03
4.500000000000000000e+04 9.100339229917153716e-05 2.148646017303690314e-04 1.672923244768753648e-04 2.862606663256883621e-03 5.341511132428422570e-05 2.148646017303690314e-04 1.672923244768753648e-04 2.862606663256883621e-03
4.600000000000000000e+04 1.522898965049535036e-04 1.157533843070268631e-04 5.427626456366851926e-05 2.202501054853200912e-03 5.745554517488926649e-05 1.157533843070268631e-04 5.427626456366851926e-05 2.202501054853200912e-03
4.700000000000000000e+04 1.781520695658400655e-04 4.256654647178947926e-04 7.877515628933906555e-03 2.257571322843432426e-03 8.113540388876572251e-05 4.256654647178947926e-04 7.877515628933906555e-03 2.257571322843432426e-03
4.800000000000000000e+04 9.051395318238064647e-05 6.150655826786532998e-05 1.721727021504193544e-04 1.352174556814134121e-03 4.064539825776591897e-05 6.150655826786532998e-05 1.721727021504193544e-04 1.352174556814134121e-03
4.900000000000000000e+04 8.383904059883207083e-05 7.237516547320410609e-05 1.236035750480368733e-04 1.033018343150615692e-03 3.236524935346096754e-05 7.237516547320410609e-05 1.236035750480368733e-04 1.033018343150615692e-03
5.000000000000000000e+04 8.898020314518362284e-05 5.749047340941615403e-05 2.580303116701543331e-04 8.585543255321681499e-04 2.677120210137218237e-05 5.749047340941615403e-05 2.580303116701543331e-04 8.585543255321681499e-04
