# step, loss_train, loss_test, metrics_test
0.000000000000000000e+00 1.491772010922431946e-02 4.753566086292266846e-01 6.450992431640625000e+02 4.140321612358093262e-01 1.512934360653162003e-02 4.753566086292266846e-01 6.450992431640625000e+02 4.140321612358093262e-01
1.000000000000000000e+03 1.533924951218068600e-03 1.116829156875610352e+00 5.957403033971786499e-02 8.498466014862060547e-01 1.146102091297507286e-03 1.116829156875610352e+00 5.957403033971786499e-02 8.498466014862060547e-01
2.000000000000000000e+03 1.926355808973312378e-02 9.305945783853530884e-02 1.871100813150405884e-01 2.100153565406799316e-01 2.222761698067188263e-02 9.305945783853530884e-02 1.871100813150405884e-01 2.100153565406799316e-01
3.000000000000000000e+03 1.045839581638574600e-02 3.279082011431455612e-03 6.346044596284627914e-03 3.835712000727653503e-02 1.059899665415287018e-02 3.279082011431455612e-03 6.346044596284627914e-03 3.835712000727653503e-02
4.000000000000000000e+03 5.065252538770437241e-03 1.086216536350548267e-03 1.167751383036375046e-03 2.714223414659500122e-02 4.629395436495542526e-03 1.086216536350548267e-03 1.167751383036375046e-03 2.714223414659500122e-02
5.000000000000000000e+03 2.804884454235434532e-03 9.795111836865544319e-04 5.187303759157657623e-04 2.192620187997817993e-02 2.073253504931926727e-03 9.795111836865544319e-04 5.187303759157657623e-04 2.192620187997817993e-02
6.000000000000000000e+03 2.559286542236804962e-03 1.316979643888771534e-03 9.784239809960126877e-04 1.921298354864120483e-02 1.543431077152490616e-03 1.316979643888771534e-03 9.784239809960126877e-04 1.921298354864120483e-02
7.000000000000000000e+03 2.983898855745792389e-03 2.138774376362562180e-03 8.507361412048339844e-01 1.995495706796646118e-02 1.426720060408115387e-03 2.138774376362562180e-03 8.507361412048339844e-01 1.995495706796646118e-02
8.000000000000000000e+03 2.944740932434797287e-03 1.569951302371919155e-03 1.644923835992813110e-01 1.281557325273752213e-02 1.270725741051137447e-03 1.569951302371919155e-03 1.644923835992813110e-01 1.281557325273752213e-02
9.000000000000000000e+03 2.482233569025993347e-03 8.492098422721028328e-04 5.707468953914940357e-04 1.154921762645244598e-02 9.757460793480277061e-04 8.492098422721028328e-04 5.707468953914940357e-04 1.154921762645244598e-02
1.000000000000000000e+04 2.161147305741906166e-03 8.078901446424424648e-04 3.129310789518058300e-04 1.057025231420993805e-02 7.774448604322969913e-04 8.078901446424424648e-04 3.129310789518058300e-04 1.057025231420993805e-02
1.100000000000000000e+04 1.893261796794831753e-03 7.876847521401941776e-04 2.306100359419360757e-04 9.452651254832744598e-03 6.346822483465075493e-04 7.876847521401941776e-04 2.306100359419360757e-04 9.452651254832744598e-03
1.200000000000000000e+04 1.764383399859070778e-03 7.067072438076138496e-04 2.593946992419660091e-04 8.833187632262706757e-03 5.548687186092138290e-04 7.067072438076138496e-04 2.593946992419660091e-04 8.833187632262706757e-03
1.300000000000000000e+04 1.652705133892595768e-03 9.593480499461293221e-04 8.783098310232162476e-03 8.687162771821022034e-03 4.801156756002455950e-04 9.593480499461293221e-04 8.783098310232162476e-03 8.687162771821022034e-03
1.400000000000000000e+04 1.820593955926597118e-03 8.493199129588901997e-04 6.192719563841819763e-02 7.313353940844535828e-03 6.615291349589824677e-04 8.493199129588901997e-04 6.192719563841819763e-02 7.313353940844535828e-03
1.500000000000000000e+04 1.327572972513735294e-03 5.080885603092610836e-04 6.107601802796125412e-04 5.226345267146825790e-03 3.706550633069127798e-04 5.080885603092610836e-04 6.107601802796125412e-04 5.226345267146825790e-03
1.600000000000000000e+04 1.154221827164292336e-03 9.086646605283021927e-04 4.681090649683028460e-04 6.188930477946996689e-03 5.495558725669980049e-04 9.086646605283021927e-04 4.681090649683028460e-04 6.188930477946996689e-03
1.700000000000000000e+04 9.461652371101081371e-04 8.269763202406466007e-04 1.053114174283109605e-04 5.001355893909931183e-03 3.946651122532784939e-04 8.269763202406466007e-04 1.053114174283109605e-04 5.001355893909931183e-03
1.800000000000000000e+04 9.117277222685515881e-04 6.164986989460885525e-04 3.523846316966228187e-05 4.587399773299694061e-03 3.568385145626962185e-04 6.164986989460885525e-04 3.523846316966228187e-05 4.587399773299694061e-03
1.900000000000000000e+04 1.006318256258964539e-03 9.099893504753708839e-04 3.434023261070251465e-02 5.020725075155496597e-03 3.771962947212159634e-04 9.099893504753708839e-04 3.434023261070251465e-02 5.020725075155496597e-03
2.000000000000000000e+04 1.042465912178158760e-03 8.099268306978046894e-04 3.168377792462706566e-03 4.646493587642908096e-03 3.932083782274276018e-04 8.099268306978046894e-04 3.168377792462706566e-03 4.646493587642908096e-03
2.100000000000000000e+04 1.085857860743999481e-03 3.968959790654480457e-04 1.947946147993206978e-04 4.600348882377147675e-03 3.421097935643047094e-04 3.968959790654480457e-04 1.947946147993206978e-04 4.600348882377147675e-03
2.200000000000000000e+04 1.122639863751828671e-03 4.157212388236075640e-04 6.231309380382299423e-03 4.288730211555957794e-03 3.453521057963371277e-04 4.157212388236075640e-04 6.231309380382299423e-03 4.288730211555957794e-03
2.300000000000000000e+04 8.457258227281272411e-04 3.095872234553098679e-04 9.559340105624869466e-05 3.477645572274923325e-03 2.828797441907227039e-04 3.095872234553098679e-04 9.559340105624869466e-05 3.477645572274923325e-03
2.400000000000000000e+04 8.566103060729801655e-04 2.666491782292723656e-04 1.429644646123051643e-03 3.363784868270158768e-03 2.954276569653302431e-04 2.666491782292723656e-04 1.429644646123051643e-03 3.363784868270158768e-03
2.500000000000000000e+04 7.168060983531177044e-04 2.086469903588294983e-04 9.494868572801351547e-04 2.748135011643171310e-03 2.235988504253327847e-04 2.086469903588294983e-04 9.494868572801351547e-04 2.748135011643171310e-03
2.600000000000000000e+04 8.716934244148433208e-04 6.113829440437257290e-04 3.350561601109802723e-04 6.937395781278610229e-03 2.779290662147104740e-04 6.113829440437257290e-04 3.350561601109802723e-04 6.937395781278610229e-03
2.700000000000000000e+04 6.146866944618523121e-04 3.436251136008650064e-04 2.212832987424917519e-05 3.642332041636109352e-03 1.959309156518429518e-04 3.436251136008650064e-04 2.212832987424917519e-05 3.642332041636109352e-03
2.800000000000000000e+04 6.022157613188028336e-04 2.590526128187775612e-04 5.242482438916340470e-05 2.823877613991498947e-03 1.796014839783310890e-04 2.590526128187775612e-04 5.242482438916340470e-05 2.823877613991498947e-03
2.900000000000000000e+04 5.886601866222918034e-04 2.064406289719045162e-04 4.306627306505106390e-05 2.492615254595875740e-03 1.721736916806548834e-04 2.064406289719045162e-04 4.306627306505106390e-05 2.492615254595875740e-03
3.000000000000000000e+04 5.639290320686995983e-04 1.946645643329247832e-04 4.580997847369872034e-05 2.225371776148676872e-03 1.708565687295049429e-04 1.946645643329247832e-04 4.580997847369872034e-05 2.225371776148676872e-03
3.100000000000000000e+04 5.171479424461722374e-04 1.779862359398975968e-04 2.354201133130118251e-04 2.092836890369653702e-03 1.494382740929722786e-04 1.779862359398975968e-04 2.354201133130118251e-04 2.092836890369653702e-03
3.200000000000000000e+04 4.764438199345022440e-04 1.541597739560529590e-04 1.383115741191431880e-04 2.000564476475119591e-03 1.332865504082292318e-04 1.541597739560529590e-04 1.383115741191431880e-04 2.000564476475119591e-03
3.300000000000000000e+04 5.924801807850599289e-04 2.004040143219754100e-04 2.360059646889567375e-03 2.534550148993730545e-03 1.709990756353363395e-04 2.004040143219754100e-04 2.360059646889567375e-03 2.534550148993730545e-03
3.400000000000000000e+04 5.427835276350378990e-04 3.341133997309952974e-04 1.282308064401149750e-02 2.467481652274727821e-03 1.543448161100968719e-04 3.341133997309952974e-04 1.282308064401149750e-02 2.467481652274727821e-03
3.500000000000000000e+04 3.017312148585915565e-03 2.025248715654015541e-03 1.248588203452527523e-03 1.693829149007797241e-02 1.098844455555081367e-03 2.025248715654015541e-03 1.248588203452527523e-03 1.693829149007797241e-02
3.600000000000000000e+04 1.038297777995467186e-03 3.790343762375414371e-04 4.000014450866729021e-05 5.081165581941604614e-03 3.055157430935651064e-04 3.790343762375414371e-04 4.000014450866729021e-05 5.081165581941604614e-03
3.700000000000000000e+04 8.111646166071295738e-04 2.821905363816767931e-04 4.717060801340267062e-05 3.917310386896133423e-03 1.747070054989308119e-04 2.821905363816767931e-04 4.717060801340267062e-05 3.917310386896133423e-03
3.800000000000000000e+04 8.245835197158157825e-04 2.251935802632942796e-04 6.509268860099837184e-05 3.445547772571444511e-03 1.357347209705039859e-04 2.251935802632942796e-04 6.509268860099837184e-05 3.445547772571444511e-03
3.900000000000000000e+04 6.155224982649087906e-04 2.788103010971099138e-04 6.288237869739532471e-02 2.703812206164002419e-03 1.127475479734130204e-04 2.788103010971099138e-04 6.288237869739532471e-02 2.703812206164002419e-03
4.000000000000000000e+04 5.267225787974894047e-04 1.399022730765864253e-04 1.766953573678620160e-05 2.134008798748254776e-03 1.112649988499470055e-04 1.399022730765864253e-04 1.766953573678620160e-05 2.134008798748254776e-03
4.100000000000000000e+04 4.673113871831446886e-04 1.112233294406905770e-04 1.824850041884928942e-04 1.662094611674547195e-03 1.076181797543540597e-04 1.112233294406905770e-04 1.824850041884928942e-04 1.662094611674547195e-03
4.200000000000000000e+04 4.157207149546593428e-04 8.280431211460381746e-05 4.191411426290869713e-04 1.428346964530646801e-03 8.894677011994645000e-05 8.280431211460381746e-05 4.191411426290869713e-04 1.428346964530646801e-03
4.300000000000000000e+04 2.037641592323780060e-03 2.213953295722603798e-03 6.285650306381285191e-04 1.359889190644025803e-02 1.570352353155612946e-03 2.213953295722603798e-03 6.285650306381285191e-04 1.359889190644025803e-02
4.400000000000000000e+04 9.445829200558364391e-04 1.276355469599366188e-03 1.312777603743597865e-04 9.971363469958305359e-03 3.565668012015521526e-04 1.276355469599366188e-03 1.312777603743597865e-04 9.971363469958305359e-03
4.500000000000000000e+04 9.517117869108915329e-04 8.007962605915963650e-04 2.163865428883582354e-05 6.901873741298913956e-03 3.406574542168527842e-04 8.007962605915963650e-04 2.163865428883582354e-05 6.901873741298913956e-03
4.600000000000000000e+04 9.408928453922271729e-04 4.956797929480671883e-04 7.139312219806015491e-05 4.218115471303462982e-03 3.170579730067402124e-04 4.956797929480671883e-04 7.139312219806015491e-05 4.218115471303462982e-03
4.700000000000000000e+04 8.431504829786717892e-04 2.910721814259886742e-04 2.239425703010056168e-05 3.015751950442790985e-03 2.165530604543164372e-04 2.910721814259886742e-04 2.239425703010056168e-05 3.015751950442790985e-03
4.800000000000000000e+04 6.019850843586027622e-04 1.553470210637897253e-04 1.010548112390097231e-05 2.013715682551264763e-03 1.383010530844330788e-04 1.553470210637897253e-04 1.010548112390097231e-05 2.013715682551264763e-03
4.900000000000000000e+04 6.239733775146305561e-04 1.520807854831218719e-04 1.287480443716049194e-02 1.783632906153798103e-03 1.402681082254275680e-04 1.520807854831218719e-04 1.287480443716049194e-02 1.783632906153798103e-03
5.000000000000000000e+04 4.386593936942517757e-04 9.392943320563063025e-05 2.204792690463364124e-04 1.351120299659669399e-03 9.722233517095446587e-05 9.392943320563063025e-05 2.204792690463364124e-04 1.351120299659669399e-03
