# step, loss_train, loss_test, metrics_test
0.000000000000000000e+00 1.084373146295547485e-02 2.966151833534240723e-01 9.677828979492187500e+02 4.616687893867492676e-01 1.097276434302330017e-02 2.966151833534240723e-01 9.677828979492187500e+02 4.616687893867492676e-01
1.000000000000000000e+03 6.417914759367704391e-03 1.613615870475769043e+00 4.223335981369018555e-01 8.837350606918334961e-01 5.753245204687118530e-03 1.613615870475769043e+00 4.223335981369018555e-01 8.837350606918334961e-01
2.000000000000000000e+03 4.129058681428432465e-03 2.781689539551734924e-02 9.858044981956481934e-02 8.127960562705993652e-02 3.694514743983745575e-03 2.781689539551734924e-02 9.858044981956481934e-02 8.127960562705993652e-02
3.000000000000000000e+03 6.655470468103885651e-03 6.088931579142808914e-03 2.806617915630340576e-01 4.625223577022552490e-02 5.946953780949115753e-03 6.088931579142808914e-03 2.806617915630340576e-01 4.625223577022552490e-02
4.000000000000000000e+03 7.215185090899467468e-03 2.063288353383541107e-03 5.153444129973649979e-03 2.898806333541870117e-02 5.326676182448863983e-03 2.063288353383541107e-03 5.153444129973649979e-03 2.898806333541870117e-02
5.000000000000000000e+03 6.222736090421676636e-03 2.965708263218402863e-03 4.346650093793869019e-03 2.539237588644027710e-02 3.701924113556742668e-03 2.965708263218402863e-03 4.346650093793869019e-03 2.539237588644027710e-02
6.000000000000000000e+03 3.976432606577873230e-03 2.547427080571651459e-03 1.664655399508774281e-03 2.259570173919200897e-02 1.880220719613134861e-03 2.547427080571651459e-03 1.664655399508774281e-03 2.259570173919200897e-02
7.000000000000000000e+03 3.654758445918560028e-03 3.319163573905825615e-03 8.788487873971462250e-03 2.156664617359638214e-02 1.531254965811967850e-03 3.319163573905825615e-03 8.788487873971462250e-03 2.156664617359638214e-02
8.000000000000000000e+03 3.618453396484255791e-03 2.191848820075392723e-03 1.275871531106531620e-03 1.936705037951469421e-02 1.489332062192261219e-03 2.191848820075392723e-03 1.275871531106531620e-03 1.936705037951469421e-02
9.000000000000000000e+03 3.534036222845315933e-03 1.948511810041964054e-03 5.537515971809625626e-04 1.745103299617767334e-02 1.411729608662426472e-03 1.948511810041964054e-03 5.537515971809625626e-04 1.745103299617767334e-02
1.000000000000000000e+04 3.673735773190855980e-03 1.941806520335376263e-03 1.633223379030823708e-03 1.591865345835685730e-02 1.383921597152948380e-03 1.941806520335376263e-03 1.633223379030823708e-03 1.591865345835685730e-02
1.100000000000000000e+04 3.364323172718286514e-03 1.663400791585445404e-03 4.650847986340522766e-03 1.437847502529621124e-02 1.341495546512305737e-03 1.663400791585445404e-03 4.650847986340522766e-03 1.437847502529621124e-02
1.200000000000000000e+04 3.260508878156542778e-03 1.565897255204617977e-03 2.902019536122679710e-03 1.282332651317119598e-02 1.286466722376644611e-03 1.565897255204617977e-03 2.902019536122679710e-03 1.282332651317119598e-02
1.300000000000000000e+04 3.125700866803526878e-03 1.477820565924048424e-03 5.557559779845178127e-04 1.166519150137901306e-02 1.222445047460496426e-03 1.477820565924048424e-03 5.557559779845178127e-04 1.166519150137901306e-02
1.400000000000000000e+04 2.932415110990405083e-03 1.324964454397559166e-03 6.882905145175755024e-04 1.037795469164848328e-02 1.075823907740414143e-03 1.324964454397559166e-03 6.882905145175755024e-04 1.037795469164848328e-02
1.500000000000000000e+04 2.764764009043574333e-03 1.085711177438497543e-03 2.469581216573715210e-01 8.364943787455558777e-03 9.546599467284977436e-04 1.085711177438497543e-03 2.469581216573715210e-01 8.364943787455558777e-03
1.600000000000000000e+04 2.426591701805591583e-03 1.077822409570217133e-03 3.918093070387840271e-02 8.296811953186988831e-03 8.031666511669754982e-04 1.077822409570217133e-03 3.918093070387840271e-02 8.296811953186988831e-03
1.700000000000000000e+04 1.939930487424135208e-03 9.590052068233489990e-04 8.270581747638061643e-05 6.316197570413351059e-03 6.290869205258786678e-04 9.590052068233489990e-04 8.270581747638061643e-05 6.316197570413351059e-03
1.800000000000000000e+04 1.938780536875128746e-03 1.054354128427803516e-03 3.938948363065719604e-02 5.246279761195182800e-03 7.938361377455294132e-04 1.054354128427803516e-03 3.938948363065719604e-02 5.246279761195182800e-03
1.900000000000000000e+04 1.512548304162919521e-03 1.424647052772343159e-03 6.051472574472427368e-02 3.968951292335987091e-03 5.598528659902513027e-04 1.424647052772343159e-03 6.051472574472427368e-02 3.968951292335987091e-03
2.000000000000000000e+04 1.266666920855641365e-03 5.062910495325922966e-04 4.238445777446031570e-03 3.389671444892883301e-03 5.486706504598259926e-04 5.062910495325922966e-04 4.238445777446031570e-03 3.389671444892883301e-03
2.100000000000000000e+04 1.667067175731062889e-03 4.642814397811889648e-03 1.583090052008628845e-02 1.583450846374034882e-02 1.051554339937865734e-03 4.642814397811889648e-03 1.583090052008628845e-02 1.583450846374034882e-02
2.200000000000000000e+04 8.983064326457679272e-04 1.756746321916580200e-03 2.291748067364096642e-03 9.621929377317428589e-03 4.591440665535628796e-04 1.756746321916580200e-03 2.291748067364096642e-03 9.621929377317428589e-03
2.300000000000000000e+04 1.057471148669719696e-03 1.582283526659011841e-03 3.007133603096008301e-01 8.638300001621246338e-03 6.603369838558137417e-04 1.582283526659011841e-03 3.007133603096008301e-01 8.638300001621246338e-03
2.400000000000000000e+04 1.378013635985553265e-03 1.612606458365917206e-03 3.378744423389434814e-01 7.777807768434286118e-03 9.018749115057289600e-04 1.612606458365917206e-03 3.378744423389434814e-01 7.777807768434286118e-03
2.500000000000000000e+04 1.552496803924441338e-03 8.763808873482048512e-04 1.623415946960449219e-02 7.401759736239910126e-03 9.876427939161658287e-04 8.763808873482048512e-04 1.623415946960449219e-02 7.401759736239910126e-03
2.600000000000000000e+04 1.510235015302896500e-03 4.816828586626797915e-04 1.961774978553876281e-04 5.290412344038486481e-03 9.956199210137128830e-04 4.816828586626797915e-04 1.961774978553876281e-04 5.290412344038486481e-03
2.700000000000000000e+04 1.578303286805748940e-03 1.180374179966747761e-03 4.399753361940383911e-02 6.426155101507902145e-03 9.451684891246259212e-04 1.180374179966747761e-03 4.399753361940383911e-02 6.426155101507902145e-03
2.800000000000000000e+04 1.386697753332555294e-03 4.025178786832839251e-04 9.299884550273418427e-05 4.657231736928224564e-03 8.103350410237908363e-04 4.025178786832839251e-04 9.299884550273418427e-05 4.657231736928224564e-03
2.900000000000000000e+04 1.247171312570571899e-03 3.773528733290731907e-04 1.552996411919593811e-02 3.861436620354652405e-03 6.978564197197556496e-04 3.773528733290731907e-04 1.552996411919593811e-02 3.861436620354652405e-03
3.000000000000000000e+04 1.136873266659677029e-03 3.637395275291055441e-04 8.202335448004305363e-04 3.224191023036837578e-03 6.117743905633687973e-04 3.637395275291055441e-04 8.202335448004305363e-04 3.224191023036837578e-03
3.100000000000000000e+04 9.876830736175179482e-04 3.543112543411552906e-04 7.369026570813730359e-05 2.867917763069272041e-03 5.033267079852521420e-04 3.543112543411552906e-04 7.369026570813730359e-05 2.867917763069272041e-03
3.200000000000000000e+04 9.148651151917874813e-04 3.182062937412410975e-04 4.240432463120669127e-04 2.386754844337701797e-03 4.356566932983696461e-04 3.182062937412410975e-04 4.240432463120669127e-04 2.386754844337701797e-03
3.300000000000000000e+04 8.350242278538644314e-04 3.191005962435156107e-04 8.937601000070571899e-02 1.933640567585825920e-03 3.959496971219778061e-04 3.191005962435156107e-04 8.937601000070571899e-02 1.933640567585825920e-03
3.400000000000000000e+04 6.984319188632071018e-04 2.763953525573015213e-04 1.045512733981013298e-03 1.768446061760187149e-03 3.244330873712897301e-04 2.763953525573015213e-04 1.045512733981013298e-03 1.768446061760187149e-03
3.500000000000000000e+04 6.215167231857776642e-04 2.053289499599486589e-04 8.660010062158107758e-03 1.554770511575043201e-03 2.974948729388415813e-04 2.053289499599486589e-04 8.660010062158107758e-03 1.554770511575043201e-03
3.600000000000000000e+04 1.464810688048601151e-03 2.837058389559388161e-03 1.508760615251958370e-03 1.345980633050203323e-02 1.061186776496469975e-03 2.837058389559388161e-03 1.508760615251958370e-03 1.345980633050203323e-02
3.700000000000000000e+04 1.066371798515319824e-03 5.762159125879406929e-04 1.025782403303310275e-04 5.785852205008268356e-03 5.757079925388097763e-04 5.762159125879406929e-04 1.025782403303310275e-04 5.785852205008268356e-03
3.800000000000000000e+04 8.343476802110671997e-04 3.812443173956125975e-04 2.350864451727829874e-05 3.612770931795239449e-03 4.221585695631802082e-04 3.812443173956125975e-04 2.350864451727829874e-05 3.612770931795239449e-03
3.900000000000000000e+04 8.153896778821945190e-04 3.495081618893891573e-04 1.138352745329029858e-04 3.242563689127564430e-03 3.726676513906568289e-04 3.495081618893891573e-04 1.138352745329029858e-04 3.242563689127564430e-03
4.000000000000000000e+04 8.136028773151338100e-04 3.120067704003304243e-04 6.666587432846426964e-04 3.347681835293769836e-03 3.432075027376413345e-04 3.120067704003304243e-04 6.666587432846426964e-04 3.347681835293769836e-03
4.100000000000000000e+04 7.382486946880817413e-04 2.881245745811611414e-04 4.804404670721851289e-05 2.516755135729908943e-03 2.911202900577336550e-04 2.881245745811611414e-04 4.804404670721851289e-05 2.516755135729908943e-03
4.200000000000000000e+04 6.669022841379046440e-04 4.103232349734753370e-04 9.224618226289749146e-02 2.397215459495782852e-03 2.643305633682757616e-04 4.103232349734753370e-04 9.224618226289749146e-02 2.397215459495782852e-03
4.300000000000000000e+04 5.784006207250058651e-04 2.772013249341398478e-04 9.031170047819614410e-03 1.967473886907100677e-03 2.986518957186490297e-04 2.772013249341398478e-04 9.031170047819614410e-03 1.967473886907100677e-03
4.400000000000000000e+04 4.999457742087543011e-04 2.216440771007910371e-04 7.088004797697067261e-02 1.481425366364419460e-03 1.895861496450379491e-04 2.216440771007910371e-04 7.088004797697067261e-02 1.481425366364419460e-03
4.500000000000000000e+04 4.464382946025580168e-04 1.896291214507073164e-04 1.447905437089502811e-03 1.459307270124554634e-03 1.790830719983205199e-04 1.896291214507073164e-04 1.447905437089502811e-03 1.459307270124554634e-03
4.600000000000000000e+04 4.140554519835859537e-04 1.616843364899978042e-04 9.591920301318168640e-03 1.331651350483298302e-03 1.727157214190810919e-04 1.616843364899978042e-04 9.591920301318168640e-03 1.331651350483298302e-03
4.700000000000000000e+04 3.822276194114238024e-04 1.741632149787619710e-04 2.217989647760987282e-03 1.504241372458636761e-03 1.870390842668712139e-04 1.741632149787619710e-04 2.217989647760987282e-03 1.504241372458636761e-03
4.800000000000000000e+04 3.488770453259348869e-04 1.947263226611539721e-04 5.205569323152303696e-03 1.340795424766838551e-03 1.541066449135541916e-04 1.947263226611539721e-04 5.205569323152303696e-03 1.340795424766838551e-03
4.900000000000000000e+04 4.015975573565810919e-04 3.891149826813489199e-04 4.351172596216201782e-02 1.270546927116811275e-03 2.392348833382129669e-04 3.891149826813489199e-04 4.351172596216201782e-02 1.270546927116811275e-03
5.000000000000000000e+04 3.149611002299934626e-04 1.616402296349406242e-04 1.351119671016931534e-02 1.215555705130100250e-03 1.652138162171468139e-04 1.616402296349406242e-04 1.351119671016931534e-02 1.215555705130100250e-03
