# step, loss_train, loss_test, metrics_test
0.000000000000000000e+00 5.262475926429033279e-03 1.782225817441940308e-01 4.102073730468750000e+03 9.518037736415863037e-02 5.317192524671554565e-03 1.782225817441940308e-01 4.102073730468750000e+03 9.518037736415863037e-02
1.000000000000000000e+03 2.712830901145935059e-04 2.426507025957107544e-01 1.126145049929618835e-01 1.525606513023376465e-01 2.163179597118869424e-04 2.426507025957107544e-01 1.126145049929618835e-01 1.525606513023376465e-01
2.000000000000000000e+03 2.227152144769206643e-04 2.424686849117279053e-01 4.165608808398246765e-02 1.515972912311553955e-01 1.716043043415993452e-04 2.424686849117279053e-01 4.165608808398246765e-02 1.515972912311553955e-01
3.000000000000000000e+03 1.964231050806120038e-04 2.404297292232513428e-01 3.405620157718658447e-02 1.500492990016937256e-01 1.501959777669981122e-04 2.404297292232513428e-01 3.405620157718658447e-02 1.500492990016937256e-01
4.000000000000000000e+03 1.620833645574748516e-04 2.375672310590744019e-01 7.116135954856872559e-02 1.489092111587524414e-01 1.193121715914458036e-04 2.375672310590744019e-01 7.116135954856872559e-02 1.489092111587524414e-01
5.000000000000000000e+03 1.373020350001752377e-04 2.356906682252883911e-01 1.897518709301948547e-02 1.497440636157989502e-01 9.249195136362686753e-05 2.356906682252883911e-01 1.897518709301948547e-02 1.497440636157989502e-01
6.000000000000000000e+03 1.295665570069104433e-04 2.364150434732437134e-01 4.499364495277404785e-01 1.518358588218688965e-01 8.393012103624641895e-05 2.364150434732437134e-01 4.499364495277404785e-01 1.518358588218688965e-01
7.000000000000000000e+03 1.412801648257300258e-04 2.339246869087219238e-01 1.285747066140174866e-02 1.495063453912734985e-01 7.922144868643954396e-05 2.339246869087219238e-01 1.285747066140174866e-02 1.495063453912734985e-01
8.000000000000000000e+03 1.946855627465993166e-04 2.309756726026535034e-01 3.871018439531326294e-02 1.475515663623809814e-01 1.089798533939756453e-04 2.309756726026535034e-01 3.871018439531326294e-02 1.475515663623809814e-01
9.000000000000000000e+03 3.523865016177296638e-04 2.273580133914947510e-01 1.977907493710517883e-02 1.454562395811080933e-01 2.195031993323937058e-04 2.273580133914947510e-01 1.977907493710517883e-02 1.454562395811080933e-01
1.000000000000000000e+04 4.540427471511065960e-04 2.183761745691299438e-01 9.179390035569667816e-03 1.408329904079437256e-01 2.978684497065842152e-04 2.183761745691299438e-01 9.179390035569667816e-03 1.408329904079437256e-01
1.100000000000000000e+04 1.270082080736756325e-03 1.893477439880371094e-01 1.193002704530954361e-02 1.267161220312118530e-01 9.791865013539791107e-04 1.893477439880371094e-01 1.193002704530954361e-02 1.267161220312118530e-01
1.200000000000000000e+04 2.004278358072042465e-04 1.750789880752563477e-01 1.922752894461154938e-02 1.182328686118125916e-01 1.394369464833289385e-04 1.750789880752563477e-01 1.922752894461154938e-02 1.182328686118125916e-01
1.300000000000000000e+04 1.503798528574407101e-03 7.728382945060729980e-02 1.241587288677692413e-02 6.639227271080017090e-02 1.395102706737816334e-03 7.728382945060729980e-02 1.241587288677692413e-02 6.639227271080017090e-02
1.400000000000000000e+04 1.851692912168800831e-03 2.664653584361076355e-02 6.108176428824663162e-03 4.063801467418670654e-02 1.987839583307504654e-03 2.664653584361076355e-02 6.108176428824663162e-03 4.063801467418670654e-02
1.500000000000000000e+04 1.491152681410312653e-03 2.201316878199577332e-02 2.112921327352523804e-01 6.702529639005661011e-02 1.723195309750735760e-03 2.201316878199577332e-02 2.112921327352523804e-01 6.702529639005661011e-02
1.600000000000000000e+04 1.812289701774716377e-03 5.519691854715347290e-03 5.035126581788063049e-03 2.190175838768482208e-02 2.201338065788149834e-03 5.519691854715347290e-03 5.035126581788063049e-03 2.190175838768482208e-02
1.700000000000000000e+04 1.242564176209270954e-03 7.977143861353397369e-03 4.087002277374267578e-01 2.968418411910533905e-02 1.568936277180910110e-03 7.977143861353397369e-03 4.087002277374267578e-01 2.968418411910533905e-02
1.800000000000000000e+04 1.848768879426643252e-04 5.913998931646347046e-03 4.030151758342981339e-03 7.557016797363758087e-03 1.727800408843904734e-04 5.913998931646347046e-03 4.030151758342981339e-03 7.557016797363758087e-03
1.900000000000000000e+04 3.828804474323987961e-04 7.338008843362331390e-03 3.160254284739494324e-02 9.163049980998039246e-03 4.441210767254233360e-04 7.338008843362331390e-03 3.160254284739494324e-02 9.163049980998039246e-03
2.000000000000000000e+04 3.352023486513644457e-04 4.108392167836427689e-03 2.466965913772583008e-01 1.401838194578886032e-02 4.165259015280753374e-04 4.108392167836427689e-03 2.466965913772583008e-01 1.401838194578886032e-02
2.100000000000000000e+04 2.520509879104793072e-04 1.009510904550552368e-01 1.792054995894432068e-02 9.663946181535720825e-02 2.674518618732690811e-04 1.009510904550552368e-01 1.792054995894432068e-02 9.663946181535720825e-02
2.200000000000000000e+04 6.614961894229054451e-04 4.134396463632583618e-02 3.547763917595148087e-03 4.719633981585502625e-02 7.142696413211524487e-04 4.134396463632583618e-02 3.547763917595148087e-03 4.719633981585502625e-02
2.300000000000000000e+04 6.854844396002590656e-04 9.063736535608768463e-03 2.712870715185999870e-03 1.936460286378860474e-02 7.419196772389113903e-04 9.063736535608768463e-03 2.712870715185999870e-03 1.936460286378860474e-02
2.400000000000000000e+04 5.035756621509790421e-04 2.814099192619323730e-03 2.031531417742371559e-03 7.888036780059337616e-03 5.786178517155349255e-04 2.814099192619323730e-03 2.031531417742371559e-03 7.888036780059337616e-03
2.500000000000000000e+04 4.603531269822269678e-04 2.005128655582666397e-03 1.462898682802915573e-03 5.912931635975837708e-03 5.370411090552806854e-04 2.005128655582666397e-03 1.462898682802915573e-03 5.912931635975837708e-03
2.600000000000000000e+04 5.027010920457541943e-04 6.440372671931982040e-03 2.000939399003982544e-01 1.636278815567493439e-02 5.961662391200661659e-04 6.440372671931982040e-03 2.000939399003982544e-01 1.636278815567493439e-02
2.700000000000000000e+04 4.755336849484592676e-04 1.866226317360997200e-03 9.378542308695614338e-04 5.236321128904819489e-03 5.806118133477866650e-04 1.866226317360997200e-03 9.378542308695614338e-04 5.236321128904819489e-03
2.800000000000000000e+04 6.576094892807304859e-04 3.720881417393684387e-03 2.953995205461978912e-02 5.284603219479322433e-03 8.168120402842760086e-04 3.720881417393684387e-03 2.953995205461978912e-02 5.284603219479322433e-03
2.900000000000000000e+04 7.463201764039695263e-04 3.094325074926018715e-03 1.681813783943653107e-02 4.582552239298820496e-03 9.445014875382184982e-04 3.094325074926018715e-03 1.681813783943653107e-02 4.582552239298820496e-03
3.000000000000000000e+04 4.049620474688708782e-04 2.609414979815483093e-03 1.606544703245162964e-01 3.815803444012999535e-03 4.961988888680934906e-04 2.609414979815483093e-03 1.606544703245162964e-01 3.815803444012999535e-03
3.100000000000000000e+04 1.255499431863427162e-03 2.459323406219482422e-02 6.139556411653757095e-03 3.507347404956817627e-02 1.451498595997691154e-03 2.459323406219482422e-02 6.139556411653757095e-03 3.507347404956817627e-02
3.200000000000000000e+04 4.300686123315244913e-04 6.148727145045995712e-03 3.573246533051133156e-03 1.053348928689956665e-02 4.826333024539053440e-04 6.148727145045995712e-03 3.573246533051133156e-03 1.053348928689956665e-02
3.300000000000000000e+04 1.137978833867236972e-04 2.085406798869371414e-03 8.079982362687587738e-03 6.252016872167587280e-03 1.121386594604700804e-04 2.085406798869371414e-03 8.079982362687587738e-03 6.252016872167587280e-03
3.400000000000000000e+04 1.932699378812685609e-04 1.307652448303997517e-03 1.122138462960720062e-03 4.159665666520595551e-03 2.003478002734482288e-04 1.307652448303997517e-03 1.122138462960720062e-03 4.159665666520595551e-03
3.500000000000000000e+04 2.227472286904230714e-04 1.464808010496199131e-03 8.852475439198315144e-04 3.741118824109435081e-03 2.416579081909731030e-04 1.464808010496199131e-03 8.852475439198315144e-04 3.741118824109435081e-03
3.600000000000000000e+04 2.783021773211658001e-04 1.956818625330924988e-03 1.198840793222188950e-03 3.706989809870719910e-03 3.145449154544621706e-04 1.956818625330924988e-03 1.198840793222188950e-03 3.706989809870719910e-03
3.700000000000000000e+04 2.575162507127970457e-04 9.051761589944362640e-04 6.249929070472717285e-01 3.497714409604668617e-03 2.801695663947612047e-04 9.051761589944362640e-04 6.249929070472717285e-01 3.497714409604668617e-03
3.800000000000000000e+04 2.708066313061863184e-04 1.980160363018512726e-03 2.887813001871109009e-02 3.299334319308400154e-03 2.908176975324749947e-04 1.980160363018512726e-03 2.887813001871109009e-02 3.299334319308400154e-03
3.900000000000000000e+04 5.550903151743113995e-04 6.232547760009765625e-02 1.012453064322471619e-02 6.513714045286178589e-02 6.030761869624257088e-04 6.232547760009765625e-02 1.012453064322471619e-02 6.513714045286178589e-02
4.000000000000000000e+04 5.090365302748978138e-04 1.332406140863895416e-02 3.768514143303036690e-03 2.061275206506252289e-02 5.886653671041131020e-04 1.332406140863895416e-02 3.768514143303036690e-03 2.061275206506252289e-02
4.100000000000000000e+04 2.947245084214955568e-04 3.249436849728226662e-03 2.244568197056651115e-03 6.800670176744461060e-03 3.669316647574305534e-04 3.249436849728226662e-03 2.244568197056651115e-03 6.800670176744461060e-03
4.200000000000000000e+04 2.273638820042833686e-04 1.450281473807990551e-03 1.204603817313909531e-03 3.979268949478864670e-03 2.645759377628564835e-04 1.450281473807990551e-03 1.204603817313909531e-03 3.979268949478864670e-03
4.300000000000000000e+04 2.385129628237336874e-04 1.830888213589787483e-03 1.860027015209197998e-01 4.448439460247755051e-03 2.841138048097491264e-04 1.830888213589787483e-03 1.860027015209197998e-01 4.448439460247755051e-03
4.400000000000000000e+04 2.754513698164373636e-04 1.702022738754749298e-03 6.778450333513319492e-04 3.678583772853016853e-03 3.257835633121430874e-04 1.702022738754749298e-03 6.778450333513319492e-04 3.678583772853016853e-03
4.500000000000000000e+04 3.684754483401775360e-04 2.270013326779007912e-03 3.444022685289382935e-02 3.362937597557902336e-03 4.083705716766417027e-04 2.270013326779007912e-03 3.444022685289382935e-02 3.362937597557902336e-03
4.600000000000000000e+04 2.922868588939309120e-04 2.490804530680179596e-03 6.988008040934801102e-03 3.301641670987010002e-03 3.193672746419906616e-04 2.490804530680179596e-03 6.988008040934801102e-03 3.301641670987010002e-03
4.700000000000000000e+04 1.472811709390953183e-04 1.032064203172922134e-03 5.881338147446513176e-04 3.465217072516679764e-03 1.221298734890297055e-04 1.032064203172922134e-03 5.881338147446513176e-04 3.465217072516679764e-03
4.800000000000000000e+04 2.871287579182535410e-04 3.762953355908393860e-02 3.714675316587090492e-03 4.175787419080734253e-02 2.722773060668259859e-04 3.762953355908393860e-02 3.714675316587090492e-03 4.175787419080734253e-02
4.900000000000000000e+04 4.648527537938207388e-04 6.606101524084806442e-03 2.510927384719252586e-03 1.343204639852046967e-02 4.404798382893204689e-04 6.606101524084806442e-03 2.510927384719252586e-03 1.343204639852046967e-02
5.000000000000000000e+04 3.975080326199531555e-04 2.221169415861368179e-03 1.663716626353561878e-03 6.157176103442907333e-03 3.714917693287134171e-04 2.221169415861368179e-03 1.663716626353561878e-03 6.157176103442907333e-03
