# step, loss_train, loss_test, metrics_test
0.000000000000000000e+00 2.994815073907375336e-02 3.085233569145202637e-01 6.378353515625000000e+04 1.955799311399459839e-01 3.033213317394256592e-02 3.085233569145202637e-01 6.378353515625000000e+04 1.955799311399459839e-01
1.000000000000000000e+03 1.953044993570074439e-04 1.298866569995880127e-01 1.720209598541259766e+00 9.726712852716445923e-02 1.747292990330606699e-04 1.298866569995880127e-01 1.720209598541259766e+00 9.726712852716445923e-02
2.000000000000000000e+03 1.783690677257254720e-04 1.293657273054122925e-01 7.008323669433593750e-01 9.722634404897689819e-02 1.615671208128333092e-04 1.293657273054122925e-01 7.008323669433593750e-01 9.722634404897689819e-02
3.000000000000000000e+03 1.539287040941417217e-04 1.287166625261306763e-01 5.069290637969970703e+00 9.878400713205337524e-02 1.371596736134961247e-04 1.287166625261306763e-01 5.069290637969970703e+00 9.878400713205337524e-02
4.000000000000000000e+03 1.481299259467050433e-04 1.278565227985382080e-01 2.541205286979675293e-01 9.853501617908477783e-02 1.311974629061296582e-04 1.278565227985382080e-01 2.541205286979675293e-01 9.853501617908477783e-02
5.000000000000000000e+03 1.632161001907661557e-04 1.280763298273086548e-01 1.417685151100158691e-01 1.014229580760002136e-01 1.394805440213531256e-04 1.280763298273086548e-01 1.417685151100158691e-01 1.014229580760002136e-01
6.000000000000000000e+03 1.939163776114583015e-04 1.293858885765075684e-01 4.235922396183013916e-01 1.054957658052444458e-01 1.588846207596361637e-04 1.293858885765075684e-01 4.235922396183013916e-01 1.054957658052444458e-01
7.000000000000000000e+03 1.961129892151802778e-04 1.272102445363998413e-01 4.117140579223632812e+01 1.071739196777343750e-01 1.560569653520360589e-04 1.272102445363998413e-01 4.117140579223632812e+01 1.071739196777343750e-01
8.000000000000000000e+03 1.363733317703008652e-04 1.347059756517410278e-01 3.007634282112121582e-01 1.133544892072677612e-01 1.087860582629218698e-04 1.347059756517410278e-01 3.007634282112121582e-01 1.133544892072677612e-01
9.000000000000000000e+03 2.065126027446240187e-04 1.331381201744079590e-01 3.136458620429039001e-02 1.139881163835525513e-01 1.596317451912909746e-04 1.331381201744079590e-01 3.136458620429039001e-02 1.139881163835525513e-01
1.000000000000000000e+04 2.366052794968709350e-04 1.338082700967788696e-01 2.934479899704456329e-02 1.159126833081245422e-01 1.804802595870569348e-04 1.338082700967788696e-01 2.934479899704456329e-02 1.159126833081245422e-01
1.100000000000000000e+04 2.390211375313811004e-05 1.426509022712707520e-01 4.297158494591712952e-02 1.202811822295188904e-01 2.041228981397580355e-05 1.426509022712707520e-01 4.297158494591712952e-02 1.202811822295188904e-01
1.200000000000000000e+04 3.840837962343357503e-05 1.436235159635543823e-01 3.820403218269348145e-01 1.223905012011528015e-01 3.147345705656334758e-05 1.436235159635543823e-01 3.820403218269348145e-01 1.223905012011528015e-01
1.300000000000000000e+04 1.002070566755719483e-04 1.392814069986343384e-01 4.901352152228355408e-02 1.209944933652877808e-01 7.975277549121528864e-05 1.392814069986343384e-01 4.901352152228355408e-02 1.209944933652877808e-01
1.400000000000000000e+04 1.659018453210592270e-04 1.390004605054855347e-01 1.577620506286621094e-01 1.213517636060714722e-01 1.331377425231039524e-04 1.390004605054855347e-01 1.577620506286621094e-01 1.213517636060714722e-01
1.500000000000000000e+04 4.705778337665833533e-05 1.428160369396209717e-01 1.349944770336151123e-01 1.236889436841011047e-01 3.535638461471535265e-05 1.428160369396209717e-01 1.349944770336151123e-01 1.236889436841011047e-01
1.600000000000000000e+04 5.595390030066482723e-05 1.501310467720031738e-01 3.396989032626152039e-02 1.306868195533752441e-01 4.422455458552576602e-05 1.501310467720031738e-01 3.396989032626152039e-02 1.306868195533752441e-01
1.700000000000000000e+04 6.680288788629695773e-05 1.411382704973220825e-01 1.281545590609312057e-02 1.219336763024330139e-01 5.116643296787515283e-05 1.411382704973220825e-01 1.281545590609312057e-02 1.219336763024330139e-01
1.800000000000000000e+04 7.169369928305968642e-05 1.420002579689025879e-01 1.047439035028219223e-02 1.235123425722122192e-01 5.433473415905609727e-05 1.420002579689025879e-01 1.047439035028219223e-02 1.235123425722122192e-01
1.900000000000000000e+04 1.083462484530173242e-04 1.417058259248733521e-01 5.684048309922218323e-02 1.242608651518821716e-01 8.269909449154511094e-05 1.417058259248733521e-01 5.684048309922218323e-02 1.242608651518821716e-01
2.000000000000000000e+04 1.529696892248466611e-04 1.409413516521453857e-01 1.910157129168510437e-02 1.243868470191955566e-01 1.162575208581984043e-04 1.409413516521453857e-01 1.910157129168510437e-02 1.243868470191955566e-01
2.100000000000000000e+04 2.296338352607563138e-04 1.381722986698150635e-01 6.277573853731155396e-02 1.232895478606224060e-01 1.795897987904027104e-04 1.381722986698150635e-01 6.277573853731155396e-02 1.232895478606224060e-01
2.200000000000000000e+04 4.576303399517200887e-05 1.382344365119934082e-01 1.730322092771530151e-02 1.199687942862510681e-01 3.812091017607599497e-05 1.382344365119934082e-01 1.730322092771530151e-02 1.199687942862510681e-01
2.300000000000000000e+04 3.101125184912234545e-05 1.368058025836944580e-01 1.336135435849428177e-02 1.182860583066940308e-01 2.552917612774763256e-05 1.368058025836944580e-01 1.336135435849428177e-02 1.182860583066940308e-01
2.400000000000000000e+04 3.019622090505436063e-05 1.413751989603042603e-01 1.078710611909627914e-02 1.235922127962112427e-01 2.417383257125038654e-05 1.413751989603042603e-01 1.078710611909627914e-02 1.235922127962112427e-01
2.500000000000000000e+04 4.259811248630285263e-05 1.400617063045501709e-01 1.158522255718708038e-02 1.230837032198905945e-01 3.343131538713350892e-05 1.400617063045501709e-01 1.158522255718708038e-02 1.230837032198905945e-01
2.600000000000000000e+04 6.805967132095247507e-05 1.399588137865066528e-01 4.786536216735839844e+00 1.250186860561370850e-01 5.290999979479238391e-05 1.399588137865066528e-01 4.786536216735839844e+00 1.250186860561370850e-01
2.700000000000000000e+04 1.122154790209606290e-04 1.335125416517257690e-01 2.736993879079818726e-02 1.182476133108139038e-01 8.856231579557061195e-05 1.335125416517257690e-01 2.736993879079818726e-02 1.182476133108139038e-01
2.800000000000000000e+04 1.399233733536675572e-04 1.334650665521621704e-01 4.622644558548927307e-02 1.198196485638618469e-01 1.125496128224767745e-04 1.334650665521621704e-01 4.622644558548927307e-02 1.198196485638618469e-01
2.900000000000000000e+04 1.566118153277784586e-04 1.265227645635604858e-01 5.663414672017097473e-02 1.138636693358421326e-01 1.274502865271642804e-04 1.265227645635604858e-01 5.663414672017097473e-02 1.138636693358421326e-01
3.000000000000000000e+04 4.409810935612767935e-05 1.304048895835876465e-01 2.900698594748973846e-02 1.137783080339431763e-01 3.927238140022382140e-05 1.304048895835876465e-01 2.900698594748973846e-02 1.137783080339431763e-01
3.100000000000000000e+04 5.319591582519933581e-05 1.283238828182220459e-01 1.643018051981925964e-02 1.115410625934600830e-01 4.602857370628044009e-05 1.283238828182220459e-01 1.643018051981925964e-02 1.115410625934600830e-01
3.200000000000000000e+04 6.276740896282717586e-05 1.289892792701721191e-01 1.174649689346551895e-02 1.134641915559768677e-01 5.333670924301259220e-05 1.289892792701721191e-01 1.174649689346551895e-02 1.134641915559768677e-01
3.300000000000000000e+04 6.968301022425293922e-05 1.358033567667007446e-01 4.328575611114501953e+00 1.233378052711486816e-01 5.982866059639491141e-05 1.358033567667007446e-01 4.328575611114501953e+00 1.233378052711486816e-01
3.400000000000000000e+04 1.246031606569886208e-04 1.228280812501907349e-01 7.188388146460056305e-03 1.085972562432289124e-01 1.053965170285664499e-04 1.228280812501907349e-01 7.188388146460056305e-03 1.085972562432289124e-01
3.500000000000000000e+04 2.388517896179109812e-04 1.309276074171066284e-01 6.916289925575256348e-01 1.217628568410873413e-01 1.973204489331692457e-04 1.309276074171066284e-01 6.916289925575256348e-01 1.217628568410873413e-01
3.600000000000000000e+04 2.504999865777790546e-04 1.170484349131584167e-01 5.619729869067668915e-03 1.031907498836517334e-01 2.120563876815140247e-04 1.170484349131584167e-01 5.619729869067668915e-03 1.031907498836517334e-01
3.700000000000000000e+04 2.695808943826705217e-04 1.168243438005447388e-01 5.739588756114244461e-03 1.050514727830886841e-01 2.289873518748208880e-04 1.168243438005447388e-01 5.739588756114244461e-03 1.050514727830886841e-01
3.800000000000000000e+04 1.043097436195239425e-04 1.180421710014343262e-01 8.500760421156883240e-03 1.063821241259574890e-01 8.616138075012713671e-05 1.180421710014343262e-01 8.500760421156883240e-03 1.063821241259574890e-01
3.900000000000000000e+04 1.141231405199505389e-04 1.117037832736968994e-01 9.462131559848785400e-02 9.303943812847137451e-02 9.752268670126795769e-05 1.117037832736968994e-01 9.462131559848785400e-02 9.303943812847137451e-02
4.000000000000000000e+04 2.171905653085559607e-04 1.083033978939056396e-01 3.883808478713035583e-02 9.685423225164413452e-02 1.951107697095721960e-04 1.083033978939056396e-01 3.883808478713035583e-02 9.685423225164413452e-02
4.100000000000000000e+04 1.454158882552292198e-05 1.331648379564285278e-01 2.229352481663227081e-02 1.201845258474349976e-01 1.147979855886660516e-05 1.331648379564285278e-01 2.229352481663227081e-02 1.201845258474349976e-01
4.200000000000000000e+04 2.006595423154067248e-05 1.184375584125518799e-01 1.314088050276041031e-02 1.020170897245407104e-01 1.581469769007526338e-05 1.184375584125518799e-01 1.314088050276041031e-02 1.020170897245407104e-01
4.300000000000000000e+04 3.330465187900699675e-05 1.200744137167930603e-01 1.869954355061054230e-02 1.092100739479064941e-01 2.632597897900268435e-05 1.200744137167930603e-01 1.869954355061054230e-02 1.092100739479064941e-01
4.400000000000000000e+04 7.282407750608399510e-05 1.120236814022064209e-01 1.333768963813781738e+00 9.669578820466995239e-02 5.948332545813173056e-05 1.120236814022064209e-01 1.333768963813781738e+00 9.669578820466995239e-02
4.500000000000000000e+04 1.261184952454641461e-04 1.149207055568695068e-01 6.550700403749942780e-03 1.062015593051910400e-01 1.067960911314003170e-04 1.149207055568695068e-01 6.550700403749942780e-03 1.062015593051910400e-01
4.600000000000000000e+04 1.772000396158546209e-04 1.058134287595748901e-01 4.846915137022733688e-03 9.415429830551147461e-02 1.560951932333409786e-04 1.058134287595748901e-01 4.846915137022733688e-03 9.415429830551147461e-02
4.700000000000000000e+04 3.972773993154987693e-05 9.930989891290664673e-02 7.452410459518432617e-01 9.791560471057891846e-02 3.540807301760651171e-05 9.930989891290664673e-02 7.452410459518432617e-01 9.791560471057891846e-02
4.800000000000000000e+04 1.364148629363626242e-04 1.014928221702575684e-01 1.357672270387411118e-02 8.161357790231704712e-02 1.300214062212035060e-04 1.014928221702575684e-01 1.357672270387411118e-02 8.161357790231704712e-02
4.900000000000000000e+04 2.658824814716354012e-05 1.347398906946182251e-01 1.835205592215061188e-02 1.216992065310478210e-01 1.936855551321059465e-05 1.347398906946182251e-01 1.835205592215061188e-02 1.216992065310478210e-01
5.000000000000000000e+04 1.887059261207468808e-05 1.170322671532630920e-01 7.106607779860496521e-03 9.545640647411346436e-02 1.257962048839544877e-05 1.170322671532630920e-01 7.106607779860496521e-03 9.545640647411346436e-02
