# step, loss_train, loss_test, metrics_test
0.000000000000000000e+00 6.359297782182693481e-03 3.857182562351226807e-01 9.189340625000000000e+04 2.404928952455520630e-01 6.452816072851419449e-03 3.857182562351226807e-01 9.189340625000000000e+04 2.404928952455520630e-01
1.000000000000000000e+03 1.262848818441852927e-04 9.429822862148284912e-02 2.106274366378784180e+00 9.627337753772735596e-02 9.710127778816968203e-05 9.429822862148284912e-02 2.106274366378784180e+00 9.627337753772735596e-02
2.000000000000000000e+03 1.025753226713277400e-04 9.367611259222030640e-02 7.073420882225036621e-01 9.489668160676956177e-02 7.927525439299643040e-05 9.367611259222030640e-02 7.073420882225036621e-01 9.489668160676956177e-02
3.000000000000000000e+03 1.095159386750310659e-04 9.330372512340545654e-02 6.448805332183837891e-01 9.368096292018890381e-02 9.074447734747081995e-05 9.330372512340545654e-02 6.448805332183837891e-01 9.368096292018890381e-02
4.000000000000000000e+03 1.233169314218685031e-04 9.303199499845504761e-02 2.217674702405929565e-01 9.321240335702896118e-02 1.098339635063894093e-04 9.303199499845504761e-02 2.217674702405929565e-01 9.321240335702896118e-02
5.000000000000000000e+03 1.323640171904116869e-04 9.287158399820327759e-02 1.178972050547599792e-01 9.339951723814010620e-02 1.268343621632084250e-04 9.287158399820327759e-02 1.178972050547599792e-01 9.339951723814010620e-02
6.000000000000000000e+03 1.048986232490278780e-04 9.381403028964996338e-02 1.026121735572814941e+00 9.613584727048873901e-02 1.036607282003387809e-04 9.381403028964996338e-02 1.026121735572814941e+00 9.613584727048873901e-02
7.000000000000000000e+03 1.195743025164119899e-04 9.324696660041809082e-02 3.521068766713142395e-02 9.655710309743881226e-02 1.208909015986137092e-04 9.324696660041809082e-02 3.521068766713142395e-02 9.655710309743881226e-02
8.000000000000000000e+03 1.119074731832370162e-04 9.390239417552947998e-02 4.697446525096893311e-02 9.941130876541137695e-02 1.123992697102949023e-04 9.390239417552947998e-02 4.697446525096893311e-02 9.941130876541137695e-02
9.000000000000000000e+03 4.674355659517459571e-05 9.703093022108078003e-02 4.420297443866729736e-01 1.077280789613723755e-01 4.416366209625266492e-05 9.703093022108078003e-02 4.420297443866729736e-01 1.077280789613723755e-01
1.000000000000000000e+04 5.372342639020644128e-05 9.619998931884765625e-02 3.148658946156501770e-02 1.065631806850433350e-01 4.990612796973437071e-05 9.619998931884765625e-02 3.148658946156501770e-02 1.065631806850433350e-01
1.100000000000000000e+04 6.161401688586920500e-05 9.468023478984832764e-02 1.861436271667480469e+01 1.023763716220855713e-01 5.881514516659080982e-05 9.468023478984832764e-02 1.861436271667480469e+01 1.023763716220855713e-01
1.200000000000000000e+04 6.878780550323426723e-05 9.709694236516952515e-02 1.399976853281259537e-02 1.078855097293853760e-01 6.518937152577564120e-05 9.709694236516952515e-02 1.399976853281259537e-02 1.078855097293853760e-01
1.300000000000000000e+04 9.934973058989271522e-05 9.845150262117385864e-02 8.455966413021087646e-02 1.091986671090126038e-01 9.204514935845509171e-05 9.845150262117385864e-02 8.455966413021087646e-02 1.091986671090126038e-01
1.400000000000000000e+04 5.852247704751789570e-05 1.018573492765426636e-01 5.835908651351928711e-01 1.137188896536827087e-01 4.535988773568533361e-05 1.018573492765426636e-01 5.835908651351928711e-01 1.137188896536827087e-01
1.500000000000000000e+04 9.360270632896572351e-05 9.991895407438278198e-02 3.567544743418693542e-02 1.102806106209754944e-01 7.671596540603786707e-05 9.991895407438278198e-02 3.567544743418693542e-02 1.102806106209754944e-01
1.600000000000000000e+04 1.032369982567615807e-04 9.862282872200012207e-02 1.220589317381381989e-02 1.081783026456832886e-01 8.561419235775247216e-05 9.862282872200012207e-02 1.220589317381381989e-02 1.081783026456832886e-01
1.700000000000000000e+04 1.197594756376929581e-04 1.022382080554962158e-01 1.974272914230823517e-02 1.124085411429405212e-01 9.500145824858918786e-05 1.022382080554962158e-01 1.974272914230823517e-02 1.124085411429405212e-01
1.800000000000000000e+04 1.665593881625682116e-04 1.017592027783393860e-01 2.118193311616778374e-03 1.109858527779579163e-01 1.341337774647399783e-04 1.017592027783393860e-01 2.118193311616778374e-03 1.109858527779579163e-01
1.900000000000000000e+04 1.475960889365524054e-04 1.019211560487747192e-01 2.536716405302286148e-03 1.131163388490676880e-01 1.233212678926065564e-04 1.019211560487747192e-01 2.536716405302286148e-03 1.131163388490676880e-01
2.000000000000000000e+04 2.450017200317233801e-04 1.018410772085189819e-01 2.472410351037979126e-02 1.117265969514846802e-01 1.986806164495646954e-04 1.018410772085189819e-01 2.472410351037979126e-02 1.117265969514846802e-01
2.100000000000000000e+04 5.688302553608082235e-05 1.134104207158088684e-01 2.061793565750122070e+00 1.271359473466873169e-01 3.407931944821029902e-05 1.134104207158088684e-01 2.061793565750122070e+00 1.271359473466873169e-01
2.200000000000000000e+04 7.427911623381078243e-05 1.085570901632308960e-01 6.212959438562393188e-02 1.206061840057373047e-01 5.071193299954757094e-05 1.085570901632308960e-01 6.212959438562393188e-02 1.206061840057373047e-01
2.300000000000000000e+04 8.659205195726826787e-05 1.020625606179237366e-01 1.636785641312599182e-02 1.128687262535095215e-01 6.416413089027628303e-05 1.020625606179237366e-01 1.636785641312599182e-02 1.128687262535095215e-01
2.400000000000000000e+04 1.009599727694876492e-04 1.041409969329833984e-01 7.445164024829864502e-03 1.150565743446350098e-01 7.721807924099266529e-05 1.041409969329833984e-01 7.445164024829864502e-03 1.150565743446350098e-01
2.500000000000000000e+04 1.473220618208870292e-04 1.062950640916824341e-01 2.937888540327548981e-02 1.166632771492004395e-01 1.165527355624362826e-04 1.062950640916824341e-01 2.937888540327548981e-02 1.166632771492004395e-01
2.600000000000000000e+04 1.990188902709633112e-04 1.027569249272346497e-01 9.246702194213867188e+00 1.136681586503982544e-01 1.581335818627849221e-04 1.027569249272346497e-01 9.246702194213867188e+00 1.136681586503982544e-01
2.700000000000000000e+04 2.336980978725478053e-04 1.024029329419136047e-01 4.134444054216146469e-03 1.114290431141853333e-01 1.889628329081460834e-04 1.024029329419136047e-01 4.134444054216146469e-03 1.114290431141853333e-01
2.800000000000000000e+04 2.239654277218505740e-04 1.000822111964225769e-01 1.974889263510704041e-02 1.086013391613960266e-01 1.818000309867784381e-04 1.000822111964225769e-01 1.974889263510704041e-02 1.086013391613960266e-01
2.900000000000000000e+04 8.189487562049180269e-05 1.046392619609832764e-01 8.245822042226791382e-02 1.172516644001007080e-01 5.772020813310518861e-05 1.046392619609832764e-01 8.245822042226791382e-02 1.172516644001007080e-01
3.000000000000000000e+04 8.910804899642243981e-05 1.010013148188591003e-01 3.312422195449471474e-03 1.129957139492034912e-01 6.527810182888060808e-05 1.010013148188591003e-01 3.312422195449471474e-03 1.129957139492034912e-01
3.100000000000000000e+04 1.086512565962038934e-04 1.005566194653511047e-01 1.954574137926101685e-03 1.121256351470947266e-01 7.940745126688852906e-05 1.005566194653511047e-01 1.954574137926101685e-03 1.121256351470947266e-01
3.200000000000000000e+04 1.820132310967892408e-04 1.029317975044250488e-01 2.502254443243145943e-03 1.137012168765068054e-01 1.288478961214423180e-04 1.029317975044250488e-01 2.502254443243145943e-03 1.137012168765068054e-01
3.300000000000000000e+04 2.551911456976085901e-04 1.003938168287277222e-01 1.054891850799322128e-03 1.096930131316184998e-01 1.918450434459373355e-04 1.003938168287277222e-01 1.054891850799322128e-03 1.096930131316184998e-01
3.400000000000000000e+04 2.111162757501006126e-04 1.007399037480354309e-01 5.916466712951660156e-01 1.100366860628128052e-01 1.690656936261802912e-04 1.007399037480354309e-01 5.916466712951660156e-01 1.100366860628128052e-01
3.500000000000000000e+04 5.596457049250602722e-04 1.045685410499572754e-01 1.494033966064453125e+02 1.247597709298133850e-01 3.801588318310678005e-04 1.045685410499572754e-01 1.494033966064453125e+02 1.247597709298133850e-01
3.600000000000000000e+04 1.879622723208740354e-04 9.736190736293792725e-02 1.557528600096702576e-02 1.054841503500938416e-01 1.610073377378284931e-04 9.736190736293792725e-02 1.557528600096702576e-02 1.054841503500938416e-01
3.700000000000000000e+04 2.662256010808050632e-04 9.850393980741500854e-02 3.710526274517178535e-03 1.057582572102546692e-01 2.379635843681171536e-04 9.850393980741500854e-02 3.710526274517178535e-03 1.057582572102546692e-01
3.800000000000000000e+04 4.933308227919042110e-04 1.023627296090126038e-01 3.315475225448608398e+00 1.097808107733726501e-01 4.356890276540070772e-04 1.023627296090126038e-01 3.315475225448608398e+00 1.097808107733726501e-01
3.900000000000000000e+04 7.213850039988756180e-04 9.896072000265121460e-02 1.443813834339380264e-02 1.038954928517341614e-01 6.080685416236519814e-04 9.896072000265121460e-02 1.443813834339380264e-02 1.038954928517341614e-01
4.000000000000000000e+04 6.654100725427269936e-04 9.814550727605819702e-02 3.019560687243938446e-02 1.034965068101882935e-01 5.761649226769804955e-04 9.814550727605819702e-02 3.019560687243938446e-02 1.034965068101882935e-01
4.100000000000000000e+04 1.084957621060311794e-03 9.443362802267074585e-02 5.839579105377197266e-01 9.718213975429534912e-02 9.597710450179874897e-04 9.443362802267074585e-02 5.839579105377197266e-01 9.718213975429534912e-02
4.200000000000000000e+04 3.860857395920902491e-04 9.194756299257278442e-02 2.305432455614209175e-03 9.795165061950683594e-02 3.438630956225097179e-04 9.194756299257278442e-02 2.305432455614209175e-03 9.795165061950683594e-02
4.300000000000000000e+04 4.884271766059100628e-04 9.455758333206176758e-02 4.555923223961144686e-04 1.021684855222702026e-01 4.506090190261602402e-04 9.455758333206176758e-02 4.555923223961144686e-04 1.021684855222702026e-01
4.400000000000000000e+04 6.821585120633244514e-04 9.483127295970916748e-02 1.954649109393358231e-03 1.019535735249519348e-01 6.480136653408408165e-04 9.483127295970916748e-02 1.954649109393358231e-03 1.019535735249519348e-01
4.500000000000000000e+04 1.341129653155803680e-03 8.826756477355957031e-02 1.753122657537460327e-01 8.810098469257354736e-02 1.265110098756849766e-03 8.826756477355957031e-02 1.753122657537460327e-01 8.810098469257354736e-02
4.600000000000000000e+04 8.429512381553649902e-04 9.155832976102828979e-02 3.533929958939552307e-02 9.718091785907745361e-02 7.931857835501432419e-04 9.155832976102828979e-02 3.533929958939552307e-02 9.718091785907745361e-02
4.700000000000000000e+04 2.718223258852958679e-03 8.549613505601882935e-02 8.656892896397039294e-05 8.051099628210067749e-02 2.548160497099161148e-03 8.549613505601882935e-02 8.656892896397039294e-05 8.051099628210067749e-02
4.800000000000000000e+04 6.660179933533072472e-04 9.919622540473937988e-02 4.831049591302871704e-02 1.053643301129341125e-01 5.576306139118969440e-04 9.919622540473937988e-02 4.831049591302871704e-02 1.053643301129341125e-01
4.900000000000000000e+04 7.302008452825248241e-04 9.122965484857559204e-02 3.571626497432589531e-03 9.121948480606079102e-02 6.347361486405134201e-04 9.122965484857559204e-02 3.571626497432589531e-03 9.121948480606079102e-02
5.000000000000000000e+04 7.996706408448517323e-04 9.478815644979476929e-02 1.761865569278597832e-04 9.815437346696853638e-02 7.091921288520097733e-04 9.478815644979476929e-02 1.761865569278597832e-04 9.815437346696853638e-02
