 -2.00   1.00000000   1.00000000   1.00000000
 -1.96   0.99743104   0.82757000   0.64003322
 -1.92   0.99623558   0.75245431   0.49891132
 -1.88   0.99575252   0.72377277   0.44970725
 -1.84   0.99558221   0.71416641   0.43452452
 -1.80   0.99552937   0.71132704   0.43037006
 -1.76   0.99551478   0.71057923   0.42935484
 -1.72   0.99551115   0.71040167   0.42913101
 -1.68   0.99551033   0.71036320   0.42908597
 -1.64   0.99551016   0.71035551   0.42907761
 -1.60   0.99551012   0.71035407   0.42907617
 -1.56   0.99551012   0.71035382   0.42907593
 -1.52   0.99551011   0.71035378   0.42907590
 -1.48   0.99551011   0.71035377   0.42907589
 -1.44   0.99551011   0.71035377   0.42907589
 -1.40   0.99551011   0.71035377   0.42907589
 -1.36   0.99551011   0.71035377   0.42907589
 -1.32   0.99551011   0.71035377   0.42907589
 -1.28   0.99551011   0.71035377   0.42907589
 -1.24   0.99551011   0.71035377   0.42907589
 -1.20   0.99551011   0.71035377   0.42907589
 -1.16   0.99551011   0.71035377   0.42907589
 -1.12   0.99551011   0.71035377   0.42907589
 -1.08   0.99551011   0.71035377   0.42907589
 -1.04   0.99551011   0.71035377   0.42907589
 -1.00   0.99551011   0.71035377   0.42907589
 -0.96   0.99551011   0.71035377   0.42907589
 -0.92   0.99551011   0.71035377   0.42907589
 -0.88   0.99551011   0.71035377   0.42907589
 -0.84   0.99551011   0.71035377   0.42907589
 -0.80   0.99551011   0.71035377   0.42907589
 -0.76   0.99551011   0.71035377   0.42907589
 -0.72   0.99551011   0.71035377   0.42907589
 -0.68   0.99551011   0.71035377   0.42907589
 -0.64   0.99551011   0.71035377   0.42907589
 -0.60   0.99551011   0.71035377   0.42907589
 -0.56   0.99551011   0.71035377   0.42907589
 -0.52   0.99551011   0.71035377   0.42907589
 -0.48   0.99551011   0.71035377   0.42907589
 -0.44   0.99551011   0.71035377   0.42907589
 -0.40   0.99551011   0.71035377   0.42907589
 -0.36   0.99551011   0.71035377   0.42907589
 -0.32   0.99551011   0.71035377   0.42907589
 -0.28   0.99551011   0.71035377   0.42907589
 -0.24   0.99551011   0.71035377   0.42907589
 -0.20   0.99551011   0.71035377   0.42907589
 -0.16   0.99551011   0.71035377   0.42907589
 -0.12   0.99551011   0.71035377   0.42907589
 -0.08   0.99551011   0.71035377   0.42907589
 -0.04   0.99551011   0.71035377   0.42907589
  0.00   0.99551011   0.71035377   0.42907589
  0.04   0.99551011   0.71035377   0.42907589
  0.08   0.99551011   0.71035377   0.42907589
  0.12   0.99551011   0.71035377   0.42907589
  0.16   0.99551011   0.71035377   0.42907589
  0.20   0.99551011   0.71035377   0.42907589
  0.24   0.99551011   0.71035377   0.42907589
  0.28   0.99551011   0.71035377   0.42907589
  0.32   0.99551011   0.71035377   0.42907589
  0.36   0.99551011   0.71035377   0.42907589
  0.40   0.99551011   0.71035377   0.42907589
  0.44   0.99551011   0.71035377   0.42907589
  0.48   0.99551011   0.71035377   0.42907589
  0.52   0.99551011   0.71035377   0.42907589
  0.56   0.99551011   0.71035377   0.42907589
  0.60   0.99551011   0.71035377   0.42907589
  0.64   0.99551011   0.71035377   0.42907589
  0.68   0.99551011   0.71035377   0.42907589
  0.72   0.99551011   0.71035377   0.42907589
  0.76   0.99551011   0.71035377   0.42907589
  0.80   0.99551011   0.71035377   0.42907589
  0.84   0.99551011   0.71035377   0.42907589
  0.88   0.99551011   0.71035377   0.42907589
  0.92   0.99551011   0.71035377   0.42907589
  0.96   0.99551011   0.71035377   0.42907589
  1.00   0.99551011   0.71035377   0.42907589
  1.04   0.99551011   0.71035377   0.42907589
  1.08   0.99551011   0.71035377   0.42907589
  1.12   0.99551011   0.71035377   0.42907589
  1.16   0.99551011   0.71035377   0.42907589
  1.20   0.99551011   0.71035377   0.42907589
  1.24   0.99551011   0.71035377   0.42907589
  1.28   0.99551011   0.71035377   0.42907589
  1.32   0.99551011   0.71035377   0.42907589
  1.36   0.99551011   0.71035377   0.42907589
  1.40   0.99551011   0.71035377   0.42907589
  1.44   0.99551011   0.71035377   0.42907589
  1.48   0.99551011   0.71035377   0.42907589
  1.52   0.99551011   0.71035378   0.42907590
  1.56   0.99551012   0.71035382   0.42907593
  1.60   0.99551012   0.71035407   0.42907617
  1.64   0.99551016   0.71035551   0.42907761
  1.68   0.99551033   0.71036320   0.42908597
  1.72   0.99551115   0.71040167   0.42913101
  1.76   0.99551478   0.71057923   0.42935484
  1.80   0.99552937   0.71132704   0.43037006
  1.84   0.99558221   0.71416641   0.43452452
  1.88   0.99575252   0.72377277   0.44970725
  1.92   0.99623558   0.75245431   0.49891132
  1.96   0.99743104   0.82757000   0.64003322
  2.00   1.00000000   1.00000000   1.00000000
